RDA2
A
2
196864
131840
1026
1
262153
10
mmm_mining
531
13
14
1
0.8899999999994179
19
1
13
533
5
5
5
5
5
7
5
5
5
5
5
5
5
5
5
6
4
5
6
5
5
5
5
5
5
7
5
4
5
5
6
5
5
6
6
6
5
5
5
5
5
6
6
6
6
6
5
5
5
6
5
5
6
5
6
5
5
6
5
5
5
6
5
5
5
5
5
5
5
4
5
7
5
7
6
6
5
5
5
5
6
6
5
7
5
6
6
6
6
7
6
6
5
6
5
4
5
7
5
7
7
7
5
5
6
6
6
6
6
7
7
6
6
7
6
6
5
6
7
6
5
6
7
7
7
6
6
6
5
7
5
6
5
6
5
5
5
6
5
7
7
6
6
6
6
7
5
5
5
7
3
5
6
5
6
6
5
7
7
5
6
7
5
6
7
7
6
5
6
5
5
5
5
6
6
7
6
6
6
6
5
6
6
6
6
5
6
5
6
7
5
6
6
6
6
6
5
5
6
5
5
5
6
5
7
4
5
5
5
7
6
6
6
5
5
5
5
5
5
5
5
3
5
5
6
6
5
4
5
6
5
5
5
5
6
5
5
5
5
5
6
6
5
6
5
5
5
5
5
5
5
6
6
6
5
5
6
6
5
5
6
5
5
5
5
6
6
5
5
6
7
5
6
5
7
5
5
8
6
7
5
6
5
5
5
5
6
6
5
5
6
5
4
4
6
5
5
5
6
5
6
6
7
3
7
7
7
6
7
6
6
6
6
4
5
7
5
6
7
5
7
7
7
6
6
5
6
6
5
7
5
7
5
6
7
7
6
5
6
7
6
6
5
7
7
5
7
6
7
6
6
5
7
7
6
7
5
6
5
6
7
6
5
5
6
6
7
7
6
6
5
4
6
6
5
7
7
6
6
6
5
6
6
6
6
6
7
6
6
7
5
5
6
6
6
6
7
6
5
6
4
6
6
6
7
7
5
6
6
6
6
6
6
5
5
5
4
5
5
5
6
6
5
5
5
5
6
6
6
6
5
6
6
5
4
5
6
5
5
5
6
5
6
6
6
5
6
5
5
5
5
5
6
5
5
6
5
6
5
6
4
6
5
5
3
5
5
5
5
5
5
6
5
6
5
6
6
5
4
6
5
6
6
5
5
7
7
6
6
5
7
5
7
5
5
5
5
5
5
6
5
5
5
6
6
5
6
6
6
4
5
6
5
6
5
6
5
6
6
6
5
5
6
5
6
6
6
5
6
6
5
6
6
19
1
526
533
4.700091184926285
4.589603727978178
5.00708803868568
4.700091184926285
4.917873925356243
5.567541258336714
5.587721262253013
5.122798009873109
5.122790499828559
5.589715682390961
5.565384230294296
6.128213466906969
5.500797354352888
4.965204863201007
4.634999264491592
5.684873508814346
4.83252926316689
5.221057514144032
5.546705754542304
5.466111237622089
5.13882234624801
6.053955456017166
4.22096451644645
5.578809563912278
5.02144249878602
5.617014082753291
4.876964554586717
5.159300880592001
4.746747135669672
4.743803757468413
6.709307092308219
5.492439149189256
5.121720338910487
5.375873915175705
5.858824740839258
5.759005143846214
5.563882735648376
4.315802251386931
5.563882735648376
5.644078735455272
4.953664202734205
5.279103444884749
5.662017340091483
5.169832494276648
5.04097423522662
5.169832494276648
4.766632892126026
7.338730297915224
7.338730297915224
6.667817562912115
5.888121170087037
4.588719152130167
6.81288303813564
5.021431414652143
6.095574659765764
5.215298533972906
5.211579454405333
5.302994067532607
4.743746117528912
4.702546163194327
5.293564990420318
5.277452183769709
4.249523849012125
5.63182536843289
4.898489298955546
5.021511974640873
5.021933314415469
5.590591771673306
5.021442291370272
4.947441367418634
6.089733089417003
5.958800578535493
4.93481774506053
6.543932611289966
6.673198654720018
5.177564387848816
4.768386708437747
4.498944689066697
5.47694190416176
5.471077089943845
4.743746117528912
5.768736067372847
5.299785520844991
6.34618713952429
5.299785520844991
5.551765640190949
5.551765640190949
4.923884447141838
5.021445380908207
6.543912144862012
6.010517492348131
6.543923694268316
5.587844794862345
5.646908282399769
5.472802994929049
5.552485846738162
6.074388061952094
6.009420295954309
5.865400183746569
6.523222218298401
6.220809808069421
5.911805392483178
5.439829149676552
6.479644537185824
5.714959586869531
5.218438895031357
5.359568652801911
5.308537048524455
5.636009977304847
5.654973289118997
6.10438533419948
5.156904656156005
5.974266343406653
6.581444325098054
5.635969758644184
6.079421039319715
5.23300363211399
6.113823556762448
5.958699529135202
5.151628586665551
4.718421788798654
6.626290049352761
5.963163215865206
6.849937144815501
6.127736404074583
6.277187918859152
6.075237499319456
4.966502885267854
5.028895745884125
5.840857155858198
5.251946612454407
5.738502827732233
5.251946612454407
6.528979994090784
5.490082259812738
5.021431906096844
4.631130889266883
5.829836692815133
5.213346665696355
5.370438210402777
5.370438210402777
4.270649325306645
6.682611326589306
6.141799675437338
6.613364846703435
7.052117424094741
6.075360439692218
6.066430716966318
5.488735105749852
6.726269730882979
5.103132781690931
5.498531405346606
6.236219486140888
6.562381539159519
5.582035370593934
5.689656143011386
5.131761342368714
5.64030121071285
6.836018879306842
6.184902129718322
5.159109280963434
6.149069976094133
5.490509039462932
5.643265263911951
6.01635268834411
6.01635268834411
6.568564354456941
5.412892706841169
5.579767886502067
4.72390723260668
5.488668684579403
5.021431414652143
5.194896454062796
5.325202829012716
5.678113999681251
6.667354749108938
5.642883953571539
5.59997869864834
5.496671099447833
5.996897527817247
4.662748658403621
5.774952455667417
6.116162382130698
5.510076614543417
5.510076614543417
6.047244794011853
5.490143418744963
4.575937044592618
5.624388019071894
6.969322799740034
5.270174293691729
6.332011068631716
4.748488163126889
5.813167240682217
5.550380140685302
5.122796621472741
5.580874442558857
5.021319542330897
6.847536786663738
5.047825507798928
5.13059587153399
5.021427321250671
5.79767257364515
5.923145935345085
5.667329023500722
4.462904100281401
4.958638032804092
5.715683886879877
4.958638032804092
6.092648179943687
5.74615930692509
5.476949094890574
6.546561620759659
6.028793263087991
4.906733522821451
4.871129999113768
4.69708323262077
6.030340036469151
5.41579493034642
4.886982381803589
5.84513684880856
4.237023308212807
4.573852676438697
5.021523757394069
5.891874720161781
5.204913984768827
5.491056841838573
5.237088700882412
5.431750930980869
6.379034097960844
5.028585118428303
5.134020975762228
5.541170479710132
5.670780417117237
5.425968036993794
5.50318090789029
5.720441807186524
6.140846609730939
5.021000259843729
5.037769944062428
5.367537390532378
5.937999003180242
5.490143418744963
5.617583819479308
5.497467070932555
5.497467070932555
5.11406426011083
4.924237750141828
5.490436311391784
4.674351975314206
4.674351975314206
5.446027625060819
5.900595099453211
5.071159173162984
5.021431414652143
4.237758185871721
5.633737952752979
5.25692810490852
6.086761970775937
5.342421679639869
4.495632064976448
5.182290144952347
5.478069817952703
5.950299802863197
5.950299802863197
6.038863064507908
5.25573953967058
5.885180591083469
5.927546453433333
5.345451221922426
6.81046644494874
5.154808837981536
5.667893876019693
5.628211378008005
6.81666643506695
4.774618216531211
5.136436523369017
6.244108661904686
6.348729761516457
6.819878625276409
5.311712460543464
5.507637496936573
4.828831400687035
4.828831400687035
4.828831400687035
4.791741506727443
5.646897544237974
5.96656432368195
5.197158861167828
5.177416062884889
5.70621123490593
5.322285157898949
4.910648512861047
6.135021567723295
5.530648374730045
5.574700991361603
5.574700991361603
5.669604945488414
5.32538016141221
5.313760417879046
5.439386981579911
6.054199216525673
6.79142226785672
4.850564126300823
6.56577327592261
5.765187767025443
5.765187767025443
6.694482879957767
6.623855379688523
7.040821250314664
6.266463679782919
6.066615391729243
5.787831210630219
5.202004932631573
6.284328577105611
6.856380955022198
5.164678286550318
6.325973447297041
6.812859556440013
4.921810501552876
6.22658629395112
6.062378882554268
7.112535147086266
5.301979723217459
6.522956840101866
5.021432767063823
6.205152686276605
6.54442039684969
5.359614661693263
5.271453528622003
5.704872898692503
6.318765984718255
5.363459512900502
5.768999871569631
6.258668580775429
6.282448854072845
6.549508620280169
4.881132332158662
6.6774797461052
6.799367684104625
6.28119861047624
5.728143873474334
6.321780936029755
6.267606897227465
6.048516643654176
4.576443710811381
6.896096493081751
6.130368509161677
5.68441917108933
6.042213447772984
5.903708666677953
5.9596744359834
7.281382873671067
5.943002332897298
6.586121601920203
6.654839817611727
5.220612724285028
7.174321932927316
5.41839160775888
5.704346140980531
6.09873316000265
5.940235443858674
4.71072582285843
4.71072582285843
6.293723252137783
6.293723252137783
7.00157522912285
5.708832455742265
6.268278990335645
6.268278990335645
5.914250677882929
5.357431115064655
5.485515132025833
5.632135259238805
5.704864265922224
6.799679496466309
6.747437432682323
5.721923427169869
5.713464778966555
5.713464778966555
4.676714597050552
5.036846447591556
6.172133927715181
5.337625995144744
6.191516670843209
6.31934111990358
7.281453285308844
5.941685880627087
5.914703956052289
5.759959242474324
5.635668091811998
5.635668091811998
5.78108471780233
7.021004618805106
5.895563101298234
7.026148909872705
6.336565019458296
5.879336162689167
4.830817467714777
5.174873027484928
5.042765913193147
5.040983433444382
5.02174909013345
5.519499781679975
6.261443952828867
5.868345617863601
5.192243010142931
5.632302271721265
6.569657349992997
6.66749152242488
6.077654626871516
6.512132038921941
6.543912144862012
5.490191505209326
5.627012835022312
5.609565826830421
4.776118380939352
5.064305119378433
5.32473280000618
5.867959254007515
5.69546404802801
6.255086983296245
5.327655231148151
5.716236843060178
5.701313252788538
5.079204042057572
6.219156725731402
6.145802938539944
5.613086828038757
6.812902476977939
4.905824603981918
5.694067307378107
4.917041271916329
5.861982710002236
4.680839208537125
5.419555296439629
5.558833826934291
6.070318065494099
4.968607679524626
4.134553003997174
6.336915502812422
3.879350950529156
5.74507580066976
5.168935814770608
5.168935814770608
5.02162087853981
5.884716549914925
5.549088415432887
4.589034096183609
5.093043724898335
5.424039500822009
5.424039500822009
5.78867875326289
5.884719995907093
5.689839084931891
5.642716449483262
5.397860807816359
5.616206297251337
5.059600504181677
5.163075424064761
5.418279058412907
6.108795560574974
4.749846185676219
5.171910771987242
4.968117480047023
5.582719351533735
4.832066925656507
5.02156382893299
5.50454883021798
5.68010212008222
5.163360133643359
6.864825009620486
5.372888684975347
6.353365460528146
5.02076533465193
6.740689847618009
5.515911774376779
5.227976219561405
5.811517107533741
5.241185616979956
6.382404908832984
5.590803613535947
5.748003316929925
5.903511431610313
5.109851677983184
6.705634855134711
6.215133632758731
5.640905921778742
5.671578782884894
5.359697483676122
6.958235568343124
5.471777830389761
5.842095116238657
5.08395870078195
5.213256742054743
6.196701823729846
6.196701823729846
4.341986128716757
5.505573278015626
5.435322093481013
5.446135449234828
5.5905960858085
5.070418674330615
5.120047783639811
6.031178308253205
6.558922500597248
6.841516277537401
5.140625649750318
5.680097309525072
5.326683362514903
5.400066609847317
5.366765469108729
4.682159517111145
5.873796060900589
5.111524687144797
6.287310541893049
4.559899511478483
6.191122704707087
5.308257938432663
5.308257938432663
5.021433350991993
5.31987510594692
5.671382680965862
5.027569030313297
6.764513071458976
5.960097359235973
4.876201244018696
5.106565318084503
6.301960564058525
5.63130545550357
4.972758375374286
5.336079794075908
6.15072552178155
1026
1
262153
5
names
16
533
262153
1
1
262153
1
2
262153
1
3
262153
1
5
262153
1
7
262153
1
9
262153
2
12
262153
2
15
262153
2
16
262153
2
22
262153
2
24
262153
2
26
262153
2
27
262153
2
28
262153
2
29
262153
2
32
262153
2
39
262153
2
40
262153
2
43
262153
2
45
262153
2
48
262153
2
57
262153
2
58
262153
2
61
262153
2
62
262153
2
63
262153
2
65
262153
2
74
262153
2
82
262153
2
84
262153
2
85
262153
2
94
262153
2
97
262153
3
100
262153
3
101
262153
3
102
262153
3
104
262153
3
105
262153
3
106
262153
3
108
262153
3
112
262153
3
116
262153
3
117
262153
3
119
262153
3
120
262153
3
122
262153
3
123
262153
3
132
262153
3
133
262153
3
134
262153
3
138
262153
3
141
262153
3
143
262153
3
146
262153
3
149
262153
3
157
262153
3
164
262153
3
169
262153
3
170
262153
3
176
262153
3
177
262153
3
178
262153
3
179
262153
3
187
262153
3
188
262153
3
190
262153
3
191
262153
3
193
262153
3
196
262153
3
200
262153
3
204
262153
3
207
262153
3
209
262153
3
210
262153
3
211
262153
3
213
262153
3
214
262153
3
217
262153
3
219
262153
3
222
262153
3
227
262153
3
229
262153
3
230
262153
3
231
262153
3
234
262153
3
236
262153
3
239
262153
3
240
262153
3
243
262153
3
245
262153
3
250
262153
3
251
262153
3
254
262153
3
255
262153
3
257
262153
3
262
262153
3
263
262153
3
266
262153
3
273
262153
3
280
262153
3
282
262153
3
289
262153
3
292
262153
3
296
262153
3
301
262153
3
306
262153
3
310
262153
3
316
262153
3
318
262153
3
319
262153
3
327
262153
3
333
262153
3
337
262153
3
347
262153
3
351
262153
3
352
262153
3
353
262153
3
355
262153
3
359
262153
3
362
262153
3
363
262153
3
366
262153
3
367
262153
3
370
262153
3
376
262153
3
379
262153
3
382
262153
3
388
262153
3
393
262153
3
396
262153
3
397
262153
3
398
262153
3
401
262153
3
407
262153
3
412
262153
3
415
262153
3
416
262153
3
419
262153
3
420
262153
3
422
262153
3
426
262153
3
428
262153
3
433
262153
3
437
262153
3
438
262153
3
444
262153
3
447
262153
3
448
262153
3
458
262153
3
459
262153
3
460
262153
3
471
262153
3
472
262153
3
474
262153
3
475
262153
3
480
262153
3
486
262153
3
489
262153
3
493
262153
3
498
262153
3
501
262153
3
507
262153
3
511
262153
3
512
262153
3
514
262153
3
515
262153
3
519
262153
3
520
262153
3
521
262153
3
523
262153
3
524
262153
3
525
262153
3
526
262153
3
535
262153
3
538
262153
3
539
262153
3
544
262153
3
551
262153
3
553
262153
3
559
262153
3
561
262153
3
564
262153
3
565
262153
3
567
262153
3
568
262153
3
573
262153
3
575
262153
3
582
262153
3
586
262153
3
590
262153
3
595
262153
3
597
262153
3
599
262153
3
602
262153
3
608
262153
3
615
262153
3
622
262153
3
623
262153
3
624
262153
3
628
262153
3
636
262153
3
637
262153
3
640
262153
3
642
262153
3
646
262153
3
648
262153
3
651
262153
3
656
262153
3
657
262153
3
658
262153
3
659
262153
3
663
262153
3
664
262153
3
665
262153
3
669
262153
3
674
262153
3
678
262153
3
679
262153
3
684
262153
3
687
262153
3
689
262153
3
691
262153
3
692
262153
3
694
262153
3
696
262153
3
698
262153
3
699
262153
3
705
262153
3
708
262153
3
710
262153
3
715
262153
3
718
262153
3
720
262153
3
726
262153
3
727
262153
3
728
262153
3
732
262153
3
734
262153
3
735
262153
3
736
262153
3
738
262153
3
741
262153
3
745
262153
3
746
262153
3
751
262153
3
752
262153
3
753
262153
3
758
262153
3
760
262153
3
762
262153
3
764
262153
3
765
262153
3
766
262153
3
769
262153
3
772
262153
3
776
262153
3
777
262153
3
778
262153
3
779
262153
3
780
262153
3
781
262153
3
782
262153
3
785
262153
3
786
262153
3
787
262153
3
788
262153
3
793
262153
3
794
262153
3
802
262153
3
804
262153
3
807
262153
3
809
262153
3
815
262153
3
816
262153
3
822
262153
3
823
262153
3
825
262153
3
829
262153
3
830
262153
3
837
262153
3
840
262153
3
843
262153
3
846
262153
3
847
262153
3
849
262153
3
850
262153
3
854
262153
3
860
262153
3
861
262153
3
866
262153
3
870
262153
3
872
262153
3
873
262153
3
877
262153
3
879
262153
3
880
262153
3
884
262153
3
886
262153
3
887
262153
3
890
262153
3
895
262153
3
896
262153
3
897
262153
3
900
262153
3
902
262153
3
904
262153
3
905
262153
3
911
262153
3
914
262153
3
916
262153
3
920
262153
3
922
262153
3
924
262153
3
928
262153
3
929
262153
3
930
262153
3
931
262153
3
936
262153
3
939
262153
3
940
262153
3
942
262153
3
946
262153
3
947
262153
3
955
262153
3
957
262153
3
968
262153
3
969
262153
3
971
262153
3
974
262153
3
979
262153
3
985
262153
3
987
262153
3
989
262153
4
1000
262153
4
1006
262153
4
1009
262153
4
1012
262153
4
1013
262153
4
1016
262153
4
1017
262153
4
1019
262153
4
1022
262153
4
1023
262153
4
1030
262153
4
1036
262153
4
1038
262153
4
1039
262153
4
1043
262153
4
1044
262153
4
1049
262153
4
1050
262153
4
1053
262153
4
1054
262153
4
1060
262153
4
1063
262153
4
1071
262153
4
1072
262153
4
1077
262153
4
1078
262153
4
1085
262153
4
1087
262153
4
1095
262153
4
1098
262153
4
1100
262153
4
1102
262153
4
1104
262153
4
1108
262153
4
1112
262153
4
1117
262153
4
1118
262153
4
1120
262153
4
1125
262153
4
1130
262153
4
1131
262153
4
1132
262153
4
1133
262153
4
1135
262153
4
1136
262153
4
1137
262153
4
1138
262153
4
1139
262153
4
1140
262153
4
1144
262153
4
1147
262153
4
1149
262153
4
1150
262153
4
1151
262153
4
1154
262153
4
1155
262153
4
1161
262153
4
1164
262153
4
1165
262153
4
1169
262153
4
1171
262153
4
1172
262153
4
1173
262153
4
1178
262153
4
1181
262153
4
1187
262153
4
1188
262153
4
1190
262153
4
1195
262153
4
1200
262153
4
1201
262153
4
1206
262153
4
1210
262153
4
1212
262153
4
1215
262153
4
1219
262153
4
1220
262153
4
1222
262153
4
1224
262153
4
1225
262153
4
1226
262153
4
1228
262153
4
1230
262153
4
1239
262153
4
1241
262153
4
1244
262153
4
1246
262153
4
1249
262153
4
1250
262153
4
1253
262153
4
1254
262153
4
1255
262153
4
1256
262153
4
1259
262153
4
1265
262153
4
1267
262153
4
1271
262153
4
1274
262153
4
1275
262153
4
1282
262153
4
1285
262153
4
1294
262153
4
1296
262153
4
1299
262153
4
1304
262153
4
1305
262153
4
1310
262153
4
1312
262153
4
1313
262153
4
1314
262153
4
1316
262153
4
1319
262153
4
1321
262153
4
1322
262153
4
1332
262153
4
1334
262153
4
1335
262153
4
1337
262153
4
1339
262153
4
1342
262153
4
1347
262153
4
1350
262153
4
1360
262153
4
1361
262153
4
1365
262153
4
1366
262153
4
1368
262153
4
1370
262153
4
1372
262153
4
1373
262153
4
1374
262153
4
1375
262153
4
1376
262153
4
1377
262153
4
1384
262153
4
1388
262153
4
1389
262153
4
1390
262153
4
1391
262153
4
1398
262153
4
1400
262153
4
1401
262153
4
1403
262153
4
1412
262153
4
1421
262153
4
1424
262153
4
1425
262153
4
1430
262153
4
1432
262153
4
1435
262153
4
1439
262153
4
1443
262153
4
1451
262153
4
1452
262153
4
1455
262153
4
1457
262153
4
1459
262153
4
1460
262153
4
1466
262153
4
1469
262153
4
1471
262153
4
1477
262153
4
1480
262153
4
1482
262153
4
1486
262153
4
1489
262153
4
1498
262153
4
1501
262153
4
1502
262153
4
1503
262153
4
1507
262153
4
1509
262153
4
1510
262153
4
1511
262153
4
1513
262153
4
1516
262153
4
1522
262153
4
1523
262153
4
1530
262153
4
1532
262153
4
1533
262153
4
1534
262153
4
1538
262153
4
1552
262153
4
1553
262153
4
1555
262153
4
1558
262153
4
1560
262153
4
1568
262153
4
1572
262153
4
1573
262153
4
1574
262153
4
1576
262153
4
1578
262153
4
1580
262153
4
1589
262153
4
1593
262153
4
1595
262153
4
1596
262153
4
1599
254
14
1
0.5302829680540575
787
4
14
1
10
14
1
0
14
1
3
14
1
100
1026
767
16
4
262153
1
H
262153
5
decay
262153
2
Nr
262153
2
Me
1026
1
262153
9
row.names
13
2
NA
-1
1026
1
262153
5
class
16
1
262153
10
data.frame
254
16
1
262153
3
mlp
16
1
262153
3
reg
16
2
262153
7
holdout
262153
17
0.666666666666667
254
254
14
1
1
254
16
1
262153
4
none
1026
767
16
13
262153
4
time
262153
4
test
262153
4
pred
262153
5
error
262153
4
mpar
262153
5
model
262153
4
task
262153
6
method
262153
3
sen
262153
10
sresponses
262153
4
runs
262153
10
attributes
262153
7
feature
254
254
