RDA2
A
2
196864
131840
1026
1
262153
10
mmm_mining
531
13
14
10
0.02999999999974534
0.03000000000020009
0.03999999999996362
0.03000000000020009
0.02999999999974534
0.03000000000020009
0.02999999999974534
0.01999999999998181
0.03000000000020009
0.02999999999974534
19
10
13
99
6
6
6
6
6
6
6
6
6
6
5
5
5
7
5
7
6
8
6
5
8
7
8
5
6
6
6
6
6
7
6
6
6
6
5
5
5
6
5
5
6
6
6
6
6
7
4
5
6
5
6
7
7
6
6
6
6
6
6
6
6
6
5
6
6
5
7
5
8
5
6
5
5
6
8
5
7
7
5
5
6
6
5
6
5
6
6
6
5
6
6
5
7
7
7
6
6
7
4
13
99
6
6
6
6
6
6
6
6
6
6
5
5
5
7
5
7
6
8
6
5
8
7
8
5
6
6
6
6
6
7
6
6
6
6
5
5
5
6
5
5
6
6
6
6
6
7
4
5
6
5
6
7
7
6
6
6
6
6
6
6
6
6
5
6
6
5
7
5
8
5
6
5
5
6
8
5
7
7
5
5
6
6
5
6
5
6
6
6
5
6
6
5
7
7
7
6
6
7
4
13
99
6
6
6
6
6
6
6
6
6
6
5
5
5
7
5
7
6
8
6
5
8
7
8
5
6
6
6
6
6
7
6
6
6
6
5
5
5
6
5
5
6
6
6
6
6
7
4
5
6
5
6
7
7
6
6
6
6
6
6
6
6
6
5
6
6
5
7
5
8
5
6
5
5
6
8
5
7
7
5
5
6
6
5
6
5
6
6
6
5
6
6
5
7
7
7
6
6
7
4
13
99
6
6
6
6
6
6
6
6
6
6
5
5
5
7
5
7
6
8
6
5
8
7
8
5
6
6
6
6
6
7
6
6
6
6
5
5
5
6
5
5
6
6
6
6
6
7
4
5
6
5
6
7
7
6
6
6
6
6
6
6
6
6
5
6
6
5
7
5
8
5
6
5
5
6
8
5
7
7
5
5
6
6
5
6
5
6
6
6
5
6
6
5
7
7
7
6
6
7
4
13
99
6
6
6
6
6
6
6
6
6
6
5
5
5
7
5
7
6
8
6
5
8
7
8
5
6
6
6
6
6
7
6
6
6
6
5
5
5
6
5
5
6
6
6
6
6
7
4
5
6
5
6
7
7
6
6
6
6
6
6
6
6
6
5
6
6
5
7
5
8
5
6
5
5
6
8
5
7
7
5
5
6
6
5
6
5
6
6
6
5
6
6
5
7
7
7
6
6
7
4
13
99
6
6
6
6
6
6
6
6
6
6
5
5
5
7
5
7
6
8
6
5
8
7
8
5
6
6
6
6
6
7
6
6
6
6
5
5
5
6
5
5
6
6
6
6
6
7
4
5
6
5
6
7
7
6
6
6
6
6
6
6
6
6
5
6
6
5
7
5
8
5
6
5
5
6
8
5
7
7
5
5
6
6
5
6
5
6
6
6
5
6
6
5
7
7
7
6
6
7
4
13
99
6
6
6
6
6
6
6
6
6
6
5
5
5
7
5
7
6
8
6
5
8
7
8
5
6
6
6
6
6
7
6
6
6
6
5
5
5
6
5
5
6
6
6
6
6
7
4
5
6
5
6
7
7
6
6
6
6
6
6
6
6
6
5
6
6
5
7
5
8
5
6
5
5
6
8
5
7
7
5
5
6
6
5
6
5
6
6
6
5
6
6
5
7
7
7
6
6
7
4
13
99
6
6
6
6
6
6
6
6
6
6
5
5
5
7
5
7
6
8
6
5
8
7
8
5
6
6
6
6
6
7
6
6
6
6
5
5
5
6
5
5
6
6
6
6
6
7
4
5
6
5
6
7
7
6
6
6
6
6
6
6
6
6
5
6
6
5
7
5
8
5
6
5
5
6
8
5
7
7
5
5
6
6
5
6
5
6
6
6
5
6
6
5
7
7
7
6
6
7
4
13
99
6
6
6
6
6
6
6
6
6
6
5
5
5
7
5
7
6
8
6
5
8
7
8
5
6
6
6
6
6
7
6
6
6
6
5
5
5
6
5
5
6
6
6
6
6
7
4
5
6
5
6
7
7
6
6
6
6
6
6
6
6
6
5
6
6
5
7
5
8
5
6
5
5
6
8
5
7
7
5
5
6
6
5
6
5
6
6
6
5
6
6
5
7
7
7
6
6
7
4
13
99
6
6
6
6
6
6
6
6
6
6
5
5
5
7
5
7
6
8
6
5
8
7
8
5
6
6
6
6
6
7
6
6
6
6
5
5
5
6
5
5
6
6
6
6
6
7
4
5
6
5
6
7
7
6
6
6
6
6
6
6
6
6
5
6
6
5
7
5
8
5
6
5
5
6
8
5
7
7
5
5
6
6
5
6
5
6
6
6
5
6
6
5
7
7
7
6
6
7
4
19
10
14
99
5.162895631452912
5.893063409352762
5.704121082308232
5.619637312046893
5.62008507332524
5.719062826684425
5.908319906881683
5.162895631452912
5.893063409352762
6.265298317924874
6.839611209648117
5.365137876806512
6.214367493977079
7.2435233155504
5.404872435011676
6.971969650554598
5.546040172331386
6.863225693164319
5.914263260240578
5.852177534900454
7.049412212757278
6.557775163416918
6.29947650237838
4.411222839885901
6.268994989680111
5.603861419209016
5.848495115859155
5.91951874982596
6.392676070151143
7.124429346526715
5.233084501146045
5.797325101945892
6.205881835705618
6.747702048256183
5.982843347088046
6.837235375935835
5.648044088440384
6.166653932361136
5.383120773972847
5.27563368255244
5.84819517672558
5.586725283560737
5.37193179847656
5.722532517753068
5.653804631462963
5.599602025419662
5.908326274873683
5.801873776830359
5.48619896079091
5.955633248753625
6.100420314988202
6.308672885727387
6.879140960958559
6.849174621184915
5.874360991040249
6.063710532432118
5.378925660118481
5.902218879248508
6.011908369918475
6.099566729300678
5.298582073948461
5.902218879248508
5.194038078423871
5.893782951212404
5.974770413748303
5.811572056255559
6.779408557373068
6.638590529631274
6.597032779365359
5.530945023670776
5.504358447750145
5.199608605317592
6.069366877910167
5.484932161372041
6.378222741412614
5.610156594821007
7.037019021067849
6.800199685194574
5.960170023377206
5.317402693130259
6.763886689983941
5.505371958923923
5.470142317309154
5.251619489779912
5.900130142325152
5.709564127176211
5.847368605498107
5.763304529667144
5.945008709079501
5.709564127176211
6.023644476436523
5.82605300034342
6.995905094394323
7.042439056481904
6.441470639030989
5.20576728832012
6.255296252254931
5.811584187193952
5.017051752643704
14
99
5.234175937089892
5.864111947570255
5.747373561357317
5.455540116645259
5.455540116645259
5.698675385772535
5.742269158330963
5.233517426096999
5.843195239707536
5.94169505944066
6.569667702163732
5.526303985667294
6.493491246918013
7.202410969034569
5.590601790884744
6.93472564755858
5.463214823792841
7.10384893580597
5.819344615129988
5.505991977222504
7.102249814988887
6.525357305967452
6.384053618191221
4.408288639351127
5.850461115844285
5.444838981202081
5.848295586427204
6.001116224319393
6.452862211874225
6.973791408247429
5.159353837305785
5.765119190453846
6.249531282296333
6.363769916514412
5.50636339701238
6.851550424129968
5.583839332675249
6.26011808133415
5.261720222293564
5.442442364240614
5.716020201148295
5.630648387462778
5.307202034292955
5.742316240445311
6.025301803401607
5.62770748550413
6.043881399291799
5.989462271943962
5.356931213832083
5.89458740164554
5.966291809883765
6.745742605766542
6.702968403958193
6.883154228026324
5.943587926708061
6.078499187008028
5.177714422535239
5.876426956753559
5.85017252729565
5.914187827971988
5.257755314053856
5.876426956753559
5.202625051232509
5.998880072714812
5.999405995932695
5.442230514083737
6.971284813053795
6.632205479129663
6.497849377421838
5.592535324547302
5.686238325509447
5.500038451204516
5.97069303198857
5.395192417497256
6.432331204450513
5.425221358327052
7.098697973739664
6.783541458067955
5.78534854614749
5.306207393180478
6.61785677006634
5.740277939562484
5.410752689820986
5.166443425595687
5.919732369030823
5.928766817893573
5.798471769784365
5.727715843563859
5.689900015227139
5.811466108657556
5.871990380563519
5.806844768980845
6.886004495484624
6.995895945548656
6.639849327264448
5.216608795628332
6.324795391169904
5.918614771924872
5.065042765104529
14
99
5.458213999414944
5.901584510606423
5.66864599977111
5.535397928820165
5.597564777228564
5.876155418343117
5.72167760141192
5.495187735058389
5.888229560036086
6.165406134156922
6.725138021447153
5.442828093781358
6.323475260905486
7.174932305560875
5.45382468876549
6.925334837578623
5.435044647271543
6.890907661809915
5.89547999711897
5.689210485933058
6.843670936579189
6.554035398887127
6.353052394637816
4.04085180105572
5.985626847617061
5.570299753283408
5.916074264521001
6.058775189587134
6.387591897003593
7.220938074529543
5.374854337440397
5.747759129132538
6.368328908280639
6.376530816715926
5.840705922472909
6.902265705458614
5.632319393837388
6.14812373532231
5.356794863667837
5.454980932247869
5.774553724716013
5.753207260024966
5.437491010093461
5.895745425251644
5.821853481848997
5.680486137092677
5.996559308458816
5.625558904786087
5.328037056981003
5.898896940425168
6.006273290970565
6.401960158241201
6.824733496796593
6.826491659190761
5.99421652098974
5.960114344649023
5.15168975249709
6.032438324111703
6.229279753523864
6.19069453336212
5.517683468214496
5.971181191120395
5.23526701980313
5.985269682078544
6.023544650475218
5.747189094649645
6.985870449292603
6.651277909871864
6.676654970598289
5.578836341460794
5.400494887843987
5.36336070338918
6.067682640409112
5.457827899666598
6.562596986570144
5.559560494363073
7.032667669768525
6.991873469443356
5.842672205962423
5.152696738972413
6.610005982443227
5.642236984639245
5.49671368037952
5.183855446923441
5.84428432111261
5.790768347110886
5.697003803165212
5.920387804176117
5.906276264093335
5.918630286644018
5.928878642735861
5.93628882148349
6.952551196375172
6.996637750240202
6.395324468193277
4.943271646459801
5.544129035368741
5.873075462364678
4.961989889146324
14
99
5.222540629707408
5.871161543546184
5.528321139817782
5.649287084258706
5.585832969859085
5.528321139817782
5.751301873748528
5.397110233440792
5.850461377753836
6.076946845664953
6.895344759814327
5.608663893347515
6.337960993789682
7.254495150072811
5.76589744214057
6.858510765944627
5.464165179826408
7.007624465990228
5.929394400253783
5.691018341884462
7.242856511891787
6.411275513928188
6.374090739360813
4.449078763844637
6.050564018798648
5.493763694046254
5.77768055565863
5.993852507424078
6.401027364656972
6.852242794624766
5.34189270343694
6.161353766177693
6.378198777550882
6.408085977650343
5.613727684689541
6.814959257815199
5.623129796164639
6.236916306265375
5.22849703531397
5.443530979411004
5.691756330495162
5.586777219293788
5.394693425238942
5.825490571273408
5.742051970760857
5.700431347696773
5.92011558324667
5.768441616861905
5.395941572070209
5.913219239328531
5.952943184808461
6.603881263608009
6.721492457979961
6.864874174205578
5.844093911643167
6.027393279443604
5.303383404064681
5.86737261983097
6.000478097415048
6.449475703596137
5.483444855445699
5.86737261983097
5.241614162120525
5.851875562440437
5.96342249226131
5.387712752825472
6.704142670032113
6.383000631311932
6.56639227991689
5.674061353357367
5.44245933844791
5.396420180713847
6.050871609350044
5.167997468671818
6.418204280586219
5.55284922937822
7.225212778079369
6.863861890687505
6.018938496209735
5.337531355131105
6.811509651752557
5.629340816793628
5.543048995262213
5.054603137216613
5.785870553773581
5.80534177759981
5.837716954126015
5.800647173105964
5.792402328565419
5.783439593625275
5.822060588844799
6.107375816845886
6.918438632643552
7.086302894482357
6.362855736216348
5.244265987623736
6.305559232958323
5.990445700556382
4.859448035418534
14
99
5.329870335231109
5.802578582399264
5.867469351074469
5.654854332873538
5.564069260972659
5.584499031117976
5.744025650178056
5.40399266896568
5.869504576455961
5.905228125926559
6.788419625227733
5.495841427774867
6.487594040520881
7.185167468801989
5.757211849446781
6.829396575579267
5.121510093285183
6.399908968715329
5.961784453922045
5.617672130815521
6.399908968715329
6.492592261558933
6.4637835250598
3.558409873706884
6.000879150506032
5.52783421781688
5.94464148090733
5.997657468448345
6.379764264878432
6.783535475071259
5.188341636945607
5.917022184682088
6.250675083290149
6.434099243699501
5.680816245456825
6.609514044382971
5.641097127273991
6.150345031209065
5.257675244103998
5.394080349394294
5.727814243971817
5.491516918473989
5.373385550507353
5.834639232559033
5.755969828510125
5.661565068070695
5.788746763903826
5.618531434712033
5.355638373821446
5.830307378186958
6.034361324390064
6.476160847794287
7.074249336654772
6.793509177697323
6.056216614163594
6.189818757874495
5.180644366347584
6.120661170954906
5.947164570707608
6.282013135706755
5.324870453391538
5.768592707636556
5.109163234599009
5.947164570707608
5.970752768577562
5.513424934505087
6.554565581014539
6.19862467692947
6.530226566397276
5.542618896819761
5.613714260137808
5.254720742332316
5.91883627985899
5.529192846886541
6.513026746557267
5.562970805439671
7.069317924166414
6.797221109103569
5.646041488093127
5.419575212211576
6.413977572360471
5.656507079365093
5.517687102807961
5.274955699069712
5.816312397586748
5.448428219879052
5.871040824752583
5.880963986420628
5.909317433405271
5.843290792500705
5.86220542683922
5.905738577073764
6.904414277138135
7.199201140493866
6.316516332765166
5.151624888763266
6.186343915273012
6.129178522081826
5.168821242359273
14
99
5.468734905124824
5.937256816547825
5.840569531243103
5.551693442066304
5.606345959196823
5.899148240377256
5.690321391716728
5.237048246338771
5.937256816547825
6.045115072764729
6.852875516797529
5.366821332410431
6.430523126913132
7.272190828932748
5.420560833567585
6.983021349527542
5.393873213278687
7.010668300660667
5.987655828777807
5.765096055708902
6.933729399633418
6.40378173257245
6.285882780120563
4.353896639683145
5.766608278656054
5.568661203973509
6.026431691089789
6.137514450614192
6.426049724654154
7.212145109208899
5.037618622112411
5.892800798890159
6.407063483039678
6.367133025946067
5.971184241793988
6.842148666073676
5.534301861745115
6.18164694687287
5.458582555150863
5.458582555150863
5.711177578593343
5.920748353376075
5.345856224958038
5.927000117977139
5.723852718705837
5.569100620158606
5.736580443599203
5.675748589624456
5.45175854535601
5.941556503379511
6.26460061488137
6.396058718244516
6.708031394444296
6.836404509682295
5.817502271584921
5.903334790444723
5.231683706988914
5.838567085046336
5.98883602711317
6.216653698812558
5.432914549818908
6.068694535384607
5.169873619773724
6.070929329440652
6.183250514925687
5.468860811016537
6.973332920841707
6.451563231174498
6.440102264587132
5.599997349252174
5.641955535660019
5.41563870195684
6.179213666402272
5.529943016738934
6.440102264587132
5.599997349252174
6.953926297587265
6.726562152393878
5.90374589512539
5.5396970636083
6.650358334338957
5.780371545089036
5.420740499252387
5.160447418232367
5.83453122567694
5.855823531687801
5.746070567503436
5.746410766267206
5.860953707762351
5.72271589109319
5.841240437516915
6.026612620011091
6.904643680664501
6.987580416772098
6.468988600810723
4.994175185610813
6.161358337562558
5.736719025243717
5.111237472534137
14
99
5.429663134264411
5.933111565081994
5.921544197665771
5.478380936618747
5.804032649080457
5.648243330386398
5.773383210742403
5.37646111730582
5.933111565081994
6.094970861742295
6.794728006954935
5.579430850753543
6.239936977898742
7.328698018740711
5.343280830814014
6.980132083523367
5.507653163568261
7.288588272072177
6.003757963717064
5.723964275549006
6.970392813157486
6.561938103200936
6.413376621860484
4.103625810311234
5.982791392570677
5.560535374574576
5.913339716780119
5.980373563406225
6.482290845571133
6.810083057687821
5.147384554277418
5.82073065455728
6.196241347502848
6.519078965881484
5.904748540316165
6.781188740690046
5.567652928710206
6.428934636687718
5.305784046111554
5.412437586280797
5.591136679176912
6.101714785689737
5.350222972804763
5.703982276395839
5.72452515476042
5.568586068104054
5.967516236286215
5.743348160827408
5.451755100881876
5.929349654479999
5.961801099362752
6.443371991897214
6.921585495797747
6.952962585462691
5.880045359353613
5.997604427170442
5.447818938976859
5.861672680396192
5.948027322574809
6.208262787534297
5.435285085114307
5.82228866675089
5.177364300130264
6.010692259525553
5.99672098948355
5.714285740443321
6.717252997418616
6.390065210509089
6.468229934817003
5.582018164243812
5.554629623613393
5.409918784386981
6.378635770292063
5.154550425603134
6.468229934817003
5.58682735971234
7.162525203187825
6.799976491730762
5.805349510063582
5.557573387478191
6.866894862771711
5.637930366384977
5.650729077877539
5.097100517767274
5.904843902954315
5.712145318047043
5.732611477553039
5.684255341485066
5.904843902954315
5.917399602032401
5.979502405436664
6.130456671324682
6.894456913976176
7.033353397770553
6.733876737954033
5.074972832002596
6.117352252259956
5.826061016676762
4.783096770117522
14
99
5.397622628251954
6.033165474931706
5.811062571295519
5.413318598359284
5.660764352957665
5.681593193709837
5.802804913488142
5.445246895997139
6.033165474931706
6.339250045809006
6.910097283790366
5.524901984883218
6.386228926991091
7.217528329691965
5.849216719801904
6.804986451859382
5.356629477147577
6.900987409269918
5.977538858510273
5.638745268403053
7.343256401629915
6.480579484540209
6.412116407080633
4.019100372926639
5.903587503172377
5.479505579324247
5.913527159186558
6.178379878042309
6.364808307097586
7.050601219773444
5.205025184422681
5.739693267160659
6.280772141440823
6.509421441201765
5.765133984765018
6.887015153042773
5.664688030052735
6.236836385270934
5.473898141651469
5.230763150990173
5.811923300453336
5.515652399208881
5.368459976597197
5.798249153159066
5.7363877567202
5.724876553759574
5.991538695037065
5.931947989892052
5.366125825109144
5.890914845472803
6.255444396258516
6.449179061572623
6.857516321068001
6.953486483284051
6.076825982611902
6.058903100869497
5.312341406056653
5.778651399628929
5.976165769744354
6.164721863261285
5.41209477095847
5.778651399628929
5.164700309587996
5.976165769744354
6.064424914667889
5.553437158346473
6.623288285872039
6.08783376259626
6.594378434485822
5.478698750277667
5.494175804769492
5.21257792708424
5.970609494586946
5.683673264419401
6.511846534054994
5.50160837569197
7.302294279940435
6.793884571740579
5.97443331768722
5.248918877825361
6.452724463565701
5.468556354849611
5.47315958671792
5.043032760297714
6.016893641529793
5.713257174356311
5.869729239159518
5.635044468886466
6.016893641529793
5.696931398398831
5.797701415760916
5.832770143675743
7.11740330769946
7.16286830142967
6.351002507953879
5.118687198909223
5.954319261846381
6.015376364945777
5.096025241643609
14
99
5.437753451325145
6.02678915228029
5.722280474796172
5.610453564330863
5.623757421958908
5.783144913323278
5.70747398385344
5.437753451325145
5.891399702858067
5.901630513120413
6.807633860460745
5.616782526133584
6.404261387197073
7.304314670412232
5.324243046718607
6.906697466955075
5.49773106223817
6.813549331018408
5.659561518071818
5.744706611450263
7.202809112601143
6.616891467175286
6.337141600584406
3.859215921769572
6.286182625493541
5.327141237148093
6.002201493896978
6.080467472482005
6.449030678573926
6.739646586896449
5.399134450063602
5.776966243089631
6.199315224601503
6.717648103685031
5.760497183338922
6.966090609091446
5.508811792917586
6.053952809323095
5.39671206680816
5.39671206680816
5.911056547663905
5.526055327839922
5.442634064089964
5.706261831652525
5.822599887944486
5.566382173792032
5.880480104347356
5.719044293737126
5.324152509342268
5.852226314907416
6.125582502046838
6.577137992000552
6.74395341166403
6.964807486484716
5.963955121660712
5.632077405067448
5.008007074861373
5.921898960521645
6.085429180098021
6.437025552231008
5.421799630875123
6.100351016331835
5.249492595928656
5.914109416249732
5.943536706921558
5.575106764419534
6.906031255621993
5.968125114034368
6.455645626699598
5.542327933657299
5.577228018046562
5.28071272408098
6.115199963759739
5.31069586088138
6.631900702461778
5.588194275628997
7.260430223994667
7.150854206843211
5.877378045638521
5.265873384997001
6.433190951242253
5.588954046460512
5.380865062554058
5.083890307756483
5.808876974593808
5.584177172397977
5.641480602367077
5.785018390055165
6.001272664808436
5.736853403949731
5.821087574287365
6.042442414213646
6.949315137899223
7.115110020041742
6.344007886253262
5.183196244294638
6.018908131058223
5.84587624507418
4.84949524188396
14
99
5.155213128661224
5.902726432563997
5.655969926084126
5.617904937590293
5.617904937590293
5.746654677411881
5.694356638979369
5.155213128661224
5.805657154530447
6.096535143766616
6.875040986455761
5.487908788167524
6.33417943027195
7.204499358984673
5.523022014876705
6.851548369792924
5.729597613035525
7.077639896927995
5.924894681475029
5.577586940306589
7.11012505698119
6.575921466454141
6.268419392829799
4.094462087140997
6.096898000151196
5.472509838386291
5.936166974007046
5.992479488967757
6.391607009559133
6.914467697575452
5.066937789926632
5.977450619404605
6.311126926972121
6.685182300908076
5.741338707579032
6.956683623455226
5.593994228132827
6.108810762254802
5.19000128968975
5.476212616496207
5.427797642365094
5.402958786007424
5.330118467001261
5.940408261737039
5.873488922683155
5.625744429036148
5.919959155126684
5.55433229082168
5.435818554535976
5.949087622953679
6.091652620143157
6.349690041274678
6.766089349872745
6.93574311132278
6.055903145065656
5.930422410080957
5.433396803778109
5.729684397173871
5.956389598908841
6.210459926310984
5.422127072334787
5.976805966397709
5.293753618310523
5.914450279496272
6.014296086769244
5.61149661703744
6.802647013681849
6.181991893666456
6.439789381436015
5.592412884845449
5.480247741095246
5.155441515327965
6.197065495800957
5.318188373016199
6.425899747870822
5.581978503445066
7.051671785164251
6.676927529713437
5.796035391855318
5.414876533502384
6.719134574280979
5.494430983305026
5.468347404292478
5.213355896574339
5.7316472284389
5.841890536940249
5.726600944000333
5.669765136052924
5.826023148960598
5.804194025488622
5.726600944000333
5.92041331435216
6.887083608285906
7.051619835576084
6.478074030929893
5.225142962693082
5.856303409255288
5.7281325159838
4.709498352413025
14
10
0.5399513764504357
0.5192871539744478
0.5202296544066219
0.5424711183759992
0.5380463559291354
0.5369763432739526
0.5341274447284039
0.541923268494213
0.5415358233745381
0.5356624493517821
254
16
1
262153
2
mr
16
1
262153
3
reg
16
2
262153
5
kfold
262153
1
5
254
254
14
1
10
254
16
1
262153
4
none
1026
1
262153
5
names
16
13
262153
4
time
262153
4
test
262153
4
pred
262153
5
error
262153
4
mpar
262153
5
model
262153
4
task
262153
6
method
262153
3
sen
262153
10
sresponses
262153
4
runs
262153
10
attributes
262153
7
feature
254
254
