RDA2
A
2
196864
131840
1026
1
262153
10
mmm_mining
531
13
14
1
2.80000000000291
19
1
13
1633
6
6
6
6
7
5
8
6
6
7
6
6
5
6
5
6
6
5
6
7
7
6
6
6
7
7
5
5
6
5
6
7
7
7
6
5
5
5
6
5
6
6
5
5
5
5
6
6
5
7
5
5
5
7
6
6
5
7
7
6
5
6
5
5
4
4
6
5
5
6
5
5
6
4
5
5
7
5
5
5
6
5
6
5
6
6
5
8
6
5
6
5
6
6
5
6
4
8
8
6
7
3
6
6
6
6
5
6
5
5
6
6
6
5
8
5
6
6
6
6
7
6
6
6
6
6
7
6
6
5
6
7
6
7
5
5
7
6
6
6
5
6
6
6
6
6
5
5
7
4
8
5
5
5
7
7
6
5
6
6
5
7
6
5
5
7
6
6
4
6
6
6
7
7
5
5
6
4
5
5
5
6
6
6
7
7
7
7
7
7
5
5
6
5
6
6
5
7
7
7
6
6
5
7
8
6
5
5
5
7
5
6
5
8
6
5
6
6
5
5
5
4
7
7
7
6
5
6
5
6
7
5
7
4
4
6
5
5
7
6
5
6
5
5
6
7
6
8
7
5
7
6
3
6
6
6
6
6
6
7
6
6
5
7
7
7
7
7
6
4
7
6
5
5
5
5
6
6
5
7
6
6
5
5
5
7
7
6
8
8
7
5
7
5
7
7
5
8
7
8
6
6
6
7
6
7
6
6
7
8
4
5
5
5
7
6
7
6
6
8
5
7
5
7
7
7
6
5
7
6
6
6
6
6
7
7
7
6
7
6
5
6
7
5
6
6
5
4
5
4
6
5
7
7
6
5
5
5
6
8
6
6
4
6
3
6
7
4
4
5
4
4
5
5
5
7
7
7
5
5
7
6
8
7
5
6
6
6
5
7
4
6
5
5
7
5
7
6
6
5
6
5
5
5
6
6
6
7
6
5
6
5
6
6
5
5
5
6
8
5
6
7
7
7
7
6
5
6
6
6
5
6
5
7
6
5
7
7
7
7
4
5
6
7
8
5
6
6
7
6
6
7
8
7
7
7
6
6
7
6
5
5
6
6
6
5
6
6
7
6
6
8
6
5
6
6
8
7
6
5
5
6
6
7
4
5
7
6
7
7
7
6
5
6
6
7
7
7
6
5
5
7
4
5
4
6
6
7
5
5
6
6
5
5
6
6
5
7
5
6
6
6
6
6
6
3
6
6
6
5
5
7
5
5
7
6
7
5
6
5
6
5
6
6
7
7
6
6
6
6
5
6
7
6
5
5
6
5
6
4
5
6
6
6
6
5
7
6
7
6
6
6
5
6
8
5
5
7
7
5
6
5
6
6
4
7
5
5
5
7
7
3
6
6
5
6
5
5
6
6
7
6
6
6
4
5
7
5
5
6
5
5
7
6
5
4
6
7
5
5
6
6
5
5
6
7
6
5
7
6
5
6
6
5
5
6
6
6
6
7
5
5
6
5
5
5
5
6
6
6
5
7
5
6
6
6
5
5
4
6
6
6
5
5
5
5
5
6
5
5
7
6
5
7
7
7
6
6
8
5
6
5
6
6
6
6
6
6
5
5
6
6
6
6
5
6
6
5
7
5
5
5
5
5
7
6
5
5
6
4
5
6
5
5
6
5
5
5
5
5
5
6
5
5
5
6
4
5
5
6
5
5
6
5
6
6
6
4
6
7
6
5
5
7
5
5
6
5
5
5
6
6
5
5
7
5
7
6
5
5
6
7
6
6
7
5
5
7
6
6
5
6
5
7
4
5
6
7
5
5
6
7
6
4
6
5
6
5
5
5
7
6
7
6
7
5
5
6
6
5
5
5
5
4
6
4
6
6
7
7
6
6
5
6
6
7
6
6
6
4
7
5
6
6
4
6
6
5
4
4
5
5
6
6
5
6
5
6
5
6
6
5
5
5
5
7
5
6
5
7
7
6
5
5
6
6
4
5
5
6
4
6
6
6
7
5
5
5
8
5
6
4
7
6
6
6
5
6
5
7
7
7
6
5
6
6
5
6
5
5
6
5
6
7
6
6
5
7
7
5
7
7
5
6
5
5
6
5
5
6
6
7
6
6
7
7
6
7
6
6
6
6
6
5
6
6
6
6
6
5
5
6
5
6
7
6
7
7
5
6
8
6
5
5
6
6
6
6
6
5
7
7
8
6
7
6
5
5
5
7
5
5
6
7
5
5
7
4
5
5
5
6
6
6
6
7
5
5
6
6
6
7
7
6
6
7
4
5
7
5
5
6
5
5
6
7
6
6
8
5
8
5
8
5
6
5
5
7
6
5
7
5
5
6
6
7
6
6
7
7
7
7
7
8
7
6
7
5
8
5
6
8
6
6
6
6
6
6
5
5
5
5
6
5
6
4
6
8
6
5
5
5
5
5
7
3
6
6
7
7
6
5
6
5
6
6
7
6
6
6
6
5
6
6
5
6
6
6
6
7
6
5
6
6
6
5
6
7
4
5
5
6
7
5
7
5
6
6
5
5
7
6
6
5
7
6
7
7
6
3
6
5
5
4
5
6
6
7
6
5
5
5
7
7
5
6
6
7
7
7
7
7
7
5
6
6
5
6
6
6
6
6
7
6
6
6
6
7
6
8
5
6
6
5
6
6
6
6
6
6
7
6
5
5
6
8
6
8
7
5
6
7
6
6
6
5
8
6
8
7
8
8
7
6
6
7
7
6
7
7
6
4
5
6
5
6
5
7
6
6
6
7
6
6
7
4
6
6
7
5
4
7
7
7
6
6
7
7
6
5
6
6
5
6
7
6
7
7
5
7
8
8
8
5
8
5
7
6
8
6
7
5
6
6
6
6
6
4
5
6
7
6
5
6
6
6
7
7
7
7
5
5
8
5
5
5
6
5
6
5
5
5
7
5
6
5
5
6
6
7
7
5
5
6
5
7
6
6
5
5
6
6
7
6
5
5
4
6
6
6
5
5
6
6
7
5
6
6
7
7
5
7
5
6
8
4
6
5
5
5
6
5
5
5
6
7
5
4
4
7
4
7
6
7
7
6
6
6
7
7
5
6
5
6
6
7
6
6
5
5
6
6
6
6
5
7
7
6
5
7
5
6
5
5
5
6
6
6
6
6
6
5
8
6
6
6
7
6
6
7
7
6
6
5
5
5
7
5
5
6
7
6
6
7
6
5
7
7
7
5
7
5
6
6
7
7
5
6
6
5
6
6
6
5
6
7
7
6
6
6
5
6
6
6
6
6
5
6
6
6
7
5
5
6
7
5
5
5
5
6
6
6
6
5
6
7
7
5
7
6
6
5
8
8
8
6
6
7
6
6
5
6
5
6
5
5
4
5
5
6
5
6
6
5
7
7
5
6
5
6
6
6
6
6
6
5
5
6
5
6
6
5
5
6
6
5
5
6
6
6
4
6
6
6
6
6
6
6
5
6
6
6
6
5
6
6
6
5
6
6
6
6
6
6
7
7
5
7
7
7
7
6
6
6
5
6
6
6
6
6
5
7
4
5
5
5
7
6
6
6
7
7
6
6
6
5
7
5
7
7
7
6
5
6
6
6
4
6
7
6
6
5
6
6
6
7
6
6
7
6
6
6
6
7
5
5
6
6
6
6
7
6
6
8
7
5
6
5
6
8
5
6
6
7
8
7
6
5
7
6
5
6
6
6
6
6
6
6
4
5
7
5
6
7
5
7
6
6
7
5
6
6
5
19
1
526
1633
5.714288774081724
5.714288774081724
5.193108742518949
5.653314518506876
6.944782542600598
5.550533117877758
6.325691725593047
5.283254419598118
6.070176341270954
6.495638822976306
5.863050171420381
6.015291527135723
5.664693327184804
6.013008557390165
5.253677038571359
5.647921265580638
5.222944141515885
5.747364253263889
6.558074943104806
6.350414231146238
6.298961678335396
6.226338439090955
5.186899627628874
4.81016270893394
6.564797509552413
6.008049653889279
6.102361650760332
4.93209730400154
6.153230101395433
5.236903227422514
5.222880719673801
7.08645718495631
6.505885122156714
5.32763581751462
5.350232459696567
6.111377767334722
6.081236058332808
5.200006735378631
6.188237517408583
6.081236058332808
5.678662069856358
5.366931902924098
6.269717476393677
5.240883174025194
5.240883174025194
5.378795793670397
5.20112288426251
6.276759699125555
5.515992819886565
5.932687479121904
5.799035385881759
5.665611822612723
5.135231585980267
6.468201706681863
6.188608406978627
5.374066101470683
5.892373494304995
6.415740471255696
6.415740471255696
6.139214098545968
5.761470271694923
5.807417142077882
5.487665694229556
4.567168944826854
5.102276323819599
4.496527978081351
5.51731655618917
5.245907839143461
5.627310977921893
6.009606335137732
5.176751563873711
5.504014057886991
6.644411167289164
6.102070117051805
5.52749686823543
4.715243955151582
6.470420673052925
5.496235344739537
6.204627562195894
6.100533594115913
5.53274550919438
5.303812222886028
5.953300216271743
5.303812222886028
6.134989747991834
5.625776093996974
5.860223525120516
5.848647843887917
6.473185642099192
5.568771307560721
5.387362471595122
5.596896781495915
5.205272954418943
5.346786493201721
5.722036431301097
6.006225679507643
5.016410010699723
6.771395853196697
6.641817667004569
5.548039898186067
6.346457511142161
4.87581473500476
5.981140111216871
5.836951410490303
6.198810718586659
5.613802040386913
5.108719653930463
5.92558143329562
6.271001735118266
6.271001735118266
6.172156012419112
5.990694334580049
5.829367755608494
5.864475062610198
7.042017900574621
6.217727742765733
5.408536432381083
5.476095737153359
6.381233278812954
6.344657496626754
6.578536043933284
5.426204571995582
6.300229841313048
5.653617871764071
5.729751717954805
6.161695441857197
6.289322729342599
5.977796319092612
5.224832164250212
4.418184340796051
5.19957282265057
5.914538326069838
5.86049660766204
5.926403544317703
5.233502958922617
5.188729306796416
6.805042831478629
6.244687476361667
5.888294498359159
6.145469534238576
5.993215545276512
5.96921988124911
5.96921988124911
5.822969741091893
5.822969741091893
5.822969741091893
5.740328266038753
5.740328266038753
5.412303309584498
5.106241217181167
6.739702524598553
5.190895921297324
5.555066721911659
5.766171909873495
5.601340397628887
6.217927696425853
5.774065938095361
5.247390388413241
4.463950557855701
6.474240393560641
5.512765146785334
6.385569542687693
5.15009979068993
5.513942779872369
5.519803567354741
5.999424622206994
5.996139832454698
6.53915228716185
4.965560918353638
5.972055828743205
5.680707257764029
6.556802801178606
6.110511630973453
6.110511630973453
5.349193668939309
5.107576170950332
5.710424781525028
5.584134083948457
5.486620077848177
6.172911929688033
5.357684933729371
5.89753357738544
6.024621127012057
5.406572273086175
5.638624623389552
5.785908163792243
6.222211497678675
5.638624623389552
5.785908163792243
6.066662462975975
5.821453832784479
4.999952509410305
4.862428151586882
5.308986390393386
5.182264540800989
5.54074922293943
5.54243540030885
6.645715590768528
7.118691374591735
6.429083854345399
6.051459280654293
5.557450625922956
5.403627524611711
5.404915494464674
6.174717733482503
4.815955664833714
5.403627524611711
5.378818818193172
5.386537026528652
6.444089365124211
5.882406685848519
5.924908401674964
5.276647441600427
6.423921761004882
5.411859908282152
5.431169976936221
5.982941978176572
6.338390667026679
5.817835741571598
5.895366381482059
5.144879531901044
4.211003180216965
5.663493037678017
6.94064843913025
6.59008188317882
6.135193954808258
5.383629817739662
5.801007310673785
5.748605313478476
4.968065115154225
6.552281880596607
4.793309317141798
6.015510116972552
4.804897888797125
6.006447465237163
5.518901111292619
5.637136438858686
5.575875642222763
6.633506206661965
5.394639864611851
5.459562588062247
6.53133273801249
4.956973577309222
5.299342139296492
5.663175854231795
6.019401642528958
6.553282364367461
6.712962833788921
6.357079161724761
5.516761606742422
4.903015758679735
5.704607926381125
5.434675958135101
6.347992586028384
5.95270030375534
6.101326248007687
6.221556437277704
5.798517351511374
5.95270030375534
6.721103287620652
5.962239883172075
6.004782139080429
5.228160786480655
6.478523787297947
6.478523787297947
6.590709286257762
5.357478999934812
5.525672759759692
6.067553421737315
5.192205886251545
5.874145184629923
5.446408538242044
5.287006064928972
4.973854001732817
5.341064944457306
5.677834519716089
5.688722627312515
5.227322171715112
5.525932765092358
4.946257063547582
5.416843078019436
4.984629737987341
5.393876851643818
5.168771435826243
6.093592606825923
6.732559886236166
5.841648287816981
6.065014632367638
6.785631096662998
6.605921846120279
6.127242740265963
5.836455011487108
6.237763056492383
5.030308379730193
6.237763056492383
6.079805246754295
5.340259421956505
6.514131562224777
5.642897176024939
6.260812883070759
5.76433346331433
6.323407781283142
5.784220919812779
6.698541077519266
5.688292706537619
6.367953090470304
6.025695330973069
6.001947910140848
6.312602248874918
5.022227039122489
5.718742471135143
6.218752895369756
5.616662993761595
4.951696248226193
6.287799191657915
5.47572826329896
6.389693420508721
4.881161027208281
4.881161027208281
6.170682293530669
5.285809826019902
5.070500007134053
5.63128816753869
5.884833211192685
6.008146954252364
5.853982224911982
5.576817904600035
4.809798277772943
6.290106665147913
6.005708953424552
6.005708953424552
6.005708953424552
5.543559092665134
5.575516587411404
7.339158399953819
6.323517796767652
6.435133955812557
5.575516587411404
7.339158399953819
6.527704672921517
5.110154284197377
6.109191872505967
6.564519084433328
5.481634746201072
5.412616688473978
5.367184383060038
6.225860032105446
4.901596847596717
5.635960979458071
4.670363890079224
5.394099045383952
5.021897635007228
5.913716014684885
5.759131479721611
6.545810668234504
5.71077701337905
5.734600135573962
5.931964300961059
5.509745979244434
6.745275171162855
6.177886919418532
5.896692352440318
4.839975558198171
6.419119397571124
4.789218973053245
5.874987344457574
6.310804504530983
4.423116245193134
4.923544570731133
5.979289944037816
5.08207531752202
5.31231591620976
5.615962163596097
5.26700068599955
5.285675695880657
6.302853180531617
5.763910180178244
5.603671798768699
6.110758344795329
5.162957746205316
6.598073283741048
6.317204742800302
6.45880411798319
6.052445775422679
5.51704357838539
5.725619575924406
5.700188747770156
6.352258838607204
4.657010564124466
6.824699458659872
5.202014486843423
5.912274846668643
5.764375385483429
5.095130054950531
7.185639521605444
5.962467135702568
6.693086841811896
5.257089787657023
6.033800115835662
5.240417984898111
5.12572035354467
5.621401745364518
5.125340523112707
4.945266238406236
5.638378793445257
5.718504746577879
5.275075169939113
5.861171951584161
5.265099112174969
5.687025017139099
5.233383305976167
4.863037721097903
5.486578562537257
5.845427936422679
5.295588511256371
5.032580891112909
6.019273913455653
5.90049325225174
6.063184260700083
4.974806229342175
5.486578562537257
6.139430073648335
5.678627241710491
5.745374261068643
6.01963434916061
5.442070594152484
5.374692267428507
6.459988597700346
6.678034641065761
4.410915584809935
5.612769976681435
5.442070594152484
6.224365786786775
6.986436938705134
5.340353224245733
6.224365786786775
6.571581676912167
6.571581676912167
6.286650825003273
6.804264855338042
5.766439907224659
5.335806348154667
5.788278542816701
5.878280824886986
6.498043057920876
5.456246313462949
5.438961162393117
5.141116630671508
6.071927550529479
5.800426063300129
6.290808041365351
5.771196251981424
6.718947601533455
5.771196251981424
6.010146945175495
6.055532668489704
5.639645254513298
5.660632320138469
5.067358628848933
5.374359607205506
5.127097105714182
5.014018814963081
5.349827269734811
5.799332690766218
5.694757343820526
5.366563763527996
6.748165513702332
5.673692170717741
6.617852899915476
5.545944872253695
5.917363976123711
6.070089789943337
6.158654400207824
5.908719903351108
5.743406781132183
6.053546531011221
6.429894898543874
6.661532629350554
5.880646101559019
5.434950716339332
5.856385435606277
5.828154832369599
5.379217809639114
6.285664269755494
5.097454788452591
5.856385435606277
6.384098005922695
5.828154832369599
6.395070619387349
6.767721509230175
6.619046260502291
5.148193622352242
5.786818838846105
6.233654810387588
6.233654810387588
6.43093035347818
6.56260368232291
6.313884903785564
5.881133140171872
5.397099693366069
4.47893392508364
5.746216985297638
5.997405762747574
5.628616868185429
5.465082725992765
6.136218966366331
5.870558122605985
6.451485691608152
5.554906415076358
5.463642307463843
6.686378650729288
5.86464815194459
4.813421747925934
5.381787923003476
5.915518898765278
5.587191558887453
5.711944392290431
6.273167673874935
5.340710568946015
6.488876493587067
4.571063089563513
5.925362251085026
5.343127808071417
5.60798377305138
6.37262370419761
4.426896260515659
4.781750245931144
6.055845123253503
5.461267628696957
5.429636002823099
5.65294604914738
5.832193457151115
5.537727569929587
5.264008722572579
6.610933727938849
5.126296517044315
5.832193457151115
5.537727569929587
5.62189596445911
5.264008722572579
6.342075186028784
5.388502142508519
6.80123564902638
5.815800620002083
6.325879400341275
5.890240734791067
6.071869301170924
5.408164921571541
5.310452782087904
5.714400209273405
5.06205898944576
5.838966379046735
5.844285306324367
6.585555853133252
4.864045752368458
5.469293691507045
5.714031128464589
5.571524273086095
5.852816524502692
5.394011093242985
5.066870940255657
5.244301978966516
5.000083965210658
5.761944189487608
6.075215248602038
6.534367738473494
5.408868724853464
6.075215248602038
5.468117911682771
5.204033375936862
5.589403502915689
5.869292345942527
4.638606793762669
5.477777410536507
6.678193770124331
5.774001030173821
5.761195766339045
6.040119674830733
6.183763099639866
5.494518912383117
5.127446164093735
5.462940784863475
5.364707078722798
5.127446164093735
5.626170094490392
6.299734290164511
5.302909592696709
5.270000211414845
5.537963025287561
5.724557365353913
5.724557365353913
5.820196418392506
6.531660526652324
5.805421199427155
5.660709228537454
6.714367147828698
6.017613208073296
5.405006442569413
5.272096343825893
5.58884800704676
6.687164735543095
5.95277487286681
5.424591801772015
6.730605125512613
4.79314516178378
5.626323286585687
6.087686227557863
5.361250490764801
5.120873784646308
5.624776676982239
5.113728084888045
5.287622963354165
6.602582427391535
5.362645182386265
5.043764501273303
4.985017570514989
6.40283391886807
6.113338306962655
5.710939877688565
6.089727548900292
5.611025361104905
5.508002403365883
5.124620402265069
5.124620402265069
5.843554050454193
6.55752464482257
6.823915006109832
4.860233612855536
6.121826880527272
6.055234097096784
5.253956126219529
4.814602294959802
5.850538570790552
5.27138533615673
4.992434878238647
6.575333735171153
6.009968387849851
5.693188132390493
6.382936199748426
6.706587934209019
5.07342165417697
5.669916454511177
5.256754217145835
5.669916454511177
5.345460590099964
5.567054493772924
5.277839786161223
5.275908251622897
5.542142855360016
5.275908251622897
5.306820212203862
6.06438078966528
6.185933538069281
5.559182636030115
5.710949616417151
5.918009073061301
6.185933538069281
4.772805826921686
4.876084157695495
6.542780935819033
6.086115823998254
6.222012666593295
5.205560388628741
5.676343637398364
5.86538551495953
5.827733852374525
5.762609263719512
5.475202372799048
4.96192450135127
5.493671468300048
6.649303958438677
6.557022669060473
5.10915956569777
5.909253881666584
6.806953031463545
6.806953031463545
6.069203252126067
5.390920558491826
6.63556187142536
5.908092867207865
5.99507154550902
6.14860272955598
5.246269496137117
6.332739670786031
6.332739670786031
6.635010908635992
6.522170206100538
6.332739670786031
6.242730459674629
6.242730459674629
5.649656074647472
5.649656074647472
5.638802876617042
6.223681834696134
6.043322747143819
6.128019322482282
5.876194608935953
5.074977722625719
5.728770211502984
5.662128851685092
5.795382809718854
5.433127520065655
6.393340587728972
5.271105773466287
6.519932013083925
5.07184686146788
5.669316594050451
6.087109413576879
6.473037368029783
5.056231027137915
4.880651887186434
5.889691824226804
5.388917927192405
5.496206466589205
5.665130819556213
5.547487816815309
5.406632265727653
5.892309052048366
5.156800115490626
5.892309052048366
5.485961749641978
6.067248873300054
5.108221286192751
5.108221286192751
5.522259123216785
6.739850206259389
5.337963637944963
5.483000006754299
5.75858112449039
6.674752656981378
6.258338609233166
5.413778954179243
6.122353008552082
4.79242398617251
6.655406702367536
5.381618552822861
5.958227597670734
5.607046367455733
5.975537587784905
7.08187917871888
6.481455618353968
6.731243172479831
5.091940592958479
6.485794796208931
5.560914028047002
5.560914028047002
5.87248191508067
5.707198155132192
4.993818282799218
4.947277906168566
6.435083383800166
5.777177965873073
5.234634571380835
4.849166367794512
6.067838785156738
5.682326802904135
5.330249780257158
5.793739292262575
5.682326802904135
5.27678231897676
6.458237797556498
6.93830946797117
5.739622024044943
5.201545134685432
5.641422797458679
5.040823552508062
5.05830753306401
6.325078296342969
6.298954142067881
5.18433893381896
5.725051254305498
4.930529169256968
5.31194487432265
5.922886242159118
5.333342676196498
4.984320856293044
6.167226177994857
6.323101932573669
5.353102820619913
5.500962422245608
6.127882596241245
6.368555617548048
5.248440409628541
5.651402027549397
5.148499445851415
5.647089628930481
5.986866166126293
5.554126674659873
5.554126674659873
5.314033832266501
7.105993720262398
5.191684022433524
7.253815705731551
5.492015775339155
6.677339217665269
4.830677330214916
4.830677330214916
6.736544600020844
6.440182221785621
5.393924810523885
5.08624282198948
5.837156148753569
6.072964178678681
5.456126538512734
5.770282101404555
5.037042789892992
6.190434644072463
5.99938888246768
6.259571143553894
7.118642820577174
5.72843711912079
5.959175700789483
5.419942119910949
5.28400845603916
5.709007981432247
6.109126866983634
7.127560860965911
6.67406273764465
5.936998620540371
5.677413042367082
6.092493584051849
5.256134865061059
6.408882659182216
5.984093310658115
5.503548991457095
5.60257722587061
5.792695062100556
5.261933243236388
6.017157339937223
4.850497306262739
4.965906295605651
4.965906295605651
5.51495987788674
5.947623232397685
4.793326338556641
5.496753839551985
5.360352149815943
6.144137521740297
5.46039474683972
5.773943910479521
6.510715629865932
5.617987182362851
5.589732222426575
4.60151751075291
4.620822003414904
5.761010600932788
5.472658287869607
5.80030051663403
5.68299461037758
7.003889828154845
6.092067120762156
5.292961802213123
5.022484459892551
5.490473674531557
6.051251795547578
5.165534081417082
5.30029198012585
5.246206201119993
5.246206201119993
6.27308566069692
4.424076270639803
5.10827189318647
5.587869266394933
6.243475160749274
6.778771774470728
5.148049433641174
6.206819579376774
5.678219586930063
6.277910764751836
5.090360116682122
5.90830454598682
4.706863047310756
5.697931070913236
5.305495657371158
5.182809569298069
5.182809569298069
6.089014050071134
5.454250345879801
5.953688292077877
6.838573514906315
6.838573514906315
6.817001932451314
5.697503036173218
6.46830659448824
5.908277798700421
6.550372328807192
5.462798432190465
5.234812383386377
5.583486101398283
5.811039418489111
7.207059373310653
5.659415034554634
7.207059373310653
6.802864731341249
5.549404653168685
6.626895887850051
6.478145835424203
6.440668721223033
6.440668721223033
5.977724698617259
6.475202117096322
6.430263721633472
5.613523559700671
6.403279877106478
5.6152284934068
5.354526818629846
6.313398293927215
6.447118654810602
5.391879967025856
6.111564964619071
6.111564964619071
6.535265002822376
5.918457416317428
5.7147291564433
7.156502770057893
6.030388751844538
5.278676739121166
5.845911981258428
6.366251056357361
6.31731617549878
6.480807005552656
5.791603154186961
6.539379819223647
5.414272614217077
5.333917282624851
6.286445163889856
5.846612444275931
5.494360070610792
5.631688420433013
5.385206221451792
5.741029588128851
5.402497070109925
5.741029588128851
6.675324629392061
6.918487328389908
6.188668284245816
6.982376597940771
6.266969511665586
5.338423991804075
5.673254612314007
7.421499087522484
6.836481391084934
5.882379967177296
5.017729768338989
5.390772572173159
5.576337574728953
6.404651317089106
5.576337574728953
5.390772572173159
5.017729768338989
7.078128931401128
6.028477827851125
6.400749348249898
6.367620418078493
6.028477827851125
6.013572432999098
5.311396779488599
5.06904298073173
5.448316444347477
7.172040520139762
5.06904298073173
5.448316444347477
5.059240555240605
6.562384401357206
5.628747990738399
6.201641979321104
6.576915858034604
5.581336286726514
5.545620475731341
5.575741085769481
6.073210638996664
6.004442316743918
5.608024728517722
5.597963771756533
6.157114667132162
6.553140872557548
5.4803965942752
5.759840752192231
5.931688115823174
5.409870789544828
5.931688115823174
6.854842131696117
6.854842131696117
6.701632166052169
6.674449454099609
6.716884420060859
5.117655825858656
5.303207493018812
6.783250562924258
5.22641971551553
5.164943568568002
6.307814765884006
5.189275130875506
5.013873938615753
6.416747329460504
6.932701257546197
6.185001961350653
5.267277853795227
7.268165061149477
5.645621046139099
6.574666719105482
5.481350925139672
6.810068709160992
5.166842052350934
6.04155694845392
5.178208199091093
6.139998249041598
6.589368334341651
6.446827076325971
4.604392185982658
7.248976000237398
5.559695895965872
5.559695895965872
5.789366193115468
6.014138198058481
6.25591209310295
6.835330277257184
5.663833604168878
6.459392321620304
6.498943314670106
5.860497459976738
6.498943314670106
6.498943314670106
6.624592830902889
6.408419733404178
6.373178255575979
7.001526519772565
5.907135873931677
6.511828543692136
4.524696603351866
6.624656080687185
6.738626374270806
5.698701153152601
5.786268904221223
5.336513291160447
5.64690385998134
5.526620123937589
6.309008564240985
6.248267372448214
5.838841248401323
6.437965851318957
5.553422959369216
5.957463116516224
5.855231245441618
6.583954834195491
6.031831046692062
6.785407212802652
6.094198531643467
5.512097221264666
6.598741607760749
5.946186098110615
5.38777196867717
6.410478991498948
5.855231245441618
7.029362799564554
6.090719135548477
5.934426785664711
6.884085167002708
6.299531954714108
6.833751374465344
5.648760685012889
5.963087527266779
5.284010471547974
5.254392076306026
5.548833427205007
6.759782280912972
6.481332925371232
6.605620129808134
6.348728876809827
6.635043308027527
6.688247446963216
6.565884869488917
6.287183428742304
6.299647354047369
6.547677107456806
5.423564779200375
5.423564779200375
5.983908543086381
6.023244323858919
7.105916642537679
6.063082240653674
6.01943206666002
6.166318288362291
6.569134675258022
6.245797373516926
6.086873749826822
6.569134675258022
6.847177560716054
4.261765310983218
5.862722213472758
6.086873749826822
6.586657996767855
6.828968641946578
5.403398842744129
6.817053363732414
6.095249770650657
5.698138567863343
6.518663995743431
5.518560120918296
5.836326821530272
6.671957109563749
6.403583135621608
6.71928559655823
5.798455405653052
6.29669968268318
6.544469266310238
6.286786695366635
6.564216191906768
5.267035553733781
5.970767077474137
5.496628548026648
5.474654818621636
5.975424892416227
5.794690856585279
5.474654818621636
6.261997719890918
6.334137126457652
6.423490991447502
5.0135921804318
5.383408848838059
5.234280495617311
5.273409287685576
6.184619403170209
6.656887465431206
5.234280495617311
6.244076022898688
5.870279729378932
6.491936685466595
6.532536325251836
6.943786293617994
6.926171938231305
6.647715832332562
5.868057209350291
5.991984978005259
5.931480447665813
5.593485775192821
5.814973743056993
5.504767907093136
5.957436028506098
5.947425479562615
6.613525275521569
6.80203090522353
6.523950823770229
6.54363989814896
6.162027564858857
6.613525275521569
5.874606379620916
6.417810490638109
5.557930181042746
7.003002248435714
5.384642554928735
5.694489269778563
6.069058217366441
5.908022117997932
5.995939520876447
6.069058217366441
5.888239966301685
5.811809536629065
5.82158412070111
5.927056456749204
6.607491195131097
6.548830468545104
5.615671574006308
5.437913484373608
5.926062400253893
6.974812722964082
6.130707834889486
6.974812722964082
6.534790380244736
6.076793114580291
6.213747356397404
6.624961411275109
5.561209345851209
6.531178696929603
6.905984058595713
5.624899057918586
5.781518656570038
6.531178696929603
6.744420989260139
6.793376409954313
6.70776758364299
6.726800970914384
6.310364555765201
5.519242465489961
6.151077271519577
6.930448748330488
6.656423696031432
6.612810918387702
6.429411158392961
6.649915448073597
6.711780820675264
4.628040346549737
5.493603061576415
6.416484836365092
5.493603061576415
6.013978975336384
5.55260184020046
6.901257020243414
6.392825180025302
6.653917080642748
6.008082266579049
6.866369459040533
5.698305400850692
5.765595469116541
6.344391890814417
4.608894190756953
5.745535030241313
6.166125290356077
6.292591096936268
5.445690035131941
5.843161618585363
6.011094045477355
6.011094045477355
6.378742115651295
5.285066334487472
5.285066334487472
6.33362304235416
7.212876319864959
5.616339719923592
5.236434302450144
5.974248124558196
6.657553521569994
5.236434302450144
5.974248124558196
6.228470422300372
6.531313352201092
5.628431571540776
6.453322689946948
5.398183186567588
6.901966861058495
6.78623800461656
6.784478096870244
6.849964951312213
5.423392685733052
6.420903479597221
5.689540975757083
6.94305563135492
6.226776663917162
6.619564615459428
6.226776663917162
6.193826175317327
5.20145681132194
6.240540344180492
6.087130038880297
6.087130038880297
6.569773329722242
6.087130038880297
5.772817376164647
5.679966282335196
5.146632128888484
6.791515718789023
6.37551279942672
5.568603685351903
5.574841586901044
6.427901683555374
5.586296244979327
6.681805715111269
6.681805715111269
6.681805715111269
6.681805715111269
5.657532933367709
5.522855389755253
6.676971947391206
5.397682026872497
5.316099698446323
5.795106151238387
6.322492812350279
5.21488898802453
5.340779154919263
5.054829746165912
5.615223335234839
5.613614270482715
6.590470118774599
5.694074006690464
6.631927786935121
5.599194117022324
5.600755537960826
6.155909171646342
6.631927786935121
6.725946387577899
6.337298423668275
4.971810425460397
4.971810425460397
6.254986624303061
5.239446974133159
7.430413619983667
6.217915037185352
6.237696638508254
5.471928211088699
5.471928211088699
5.366023887256239
5.366023887256239
6.372471360751063
5.579044702514638
5.540639351397215
5.34420260804417
5.145069757290242
5.452892634478969
5.452892634478969
5.452892634478969
6.065512187071191
6.196961124805329
6.444241317520688
5.538689081960621
5.824302772070426
6.196961124805329
5.333406620496023
6.125188298792617
6.979041571484022
6.979041571484022
5.453165336395332
6.758399531630976
4.9642504905365
6.079527937624465
6.570483147880033
6.073811350443593
6.168711593827222
5.540572774720836
5.275886815356867
5.832025793590057
6.253687673632452
5.973930160412155
5.519120899337947
6.251239569658153
5.525740939968477
6.377576302377092
5.239250396678957
5.843472440553137
5.54767993713621
6.287712165066663
5.54767993713621
6.940303015664815
6.42340763773415
6.10411068311072
6.940303015664815
6.863252532257583
6.863252532257583
5.927778432670959
5.944769558164824
5.958796962952191
5.054543962288418
5.590895555368022
5.644259353007024
5.479462481050389
6.083563007875663
6.689090207354593
5.547078409789487
6.085879970244814
5.66092745061865
5.23501064632072
6.346260107392777
6.733721246558804
6.656492103787581
6.358111754887915
5.309301200666679
6.74117899111634
6.806027869450031
6.141043354190856
5.560811079527275
6.806027869450031
6.397564119702115
6.527301459319181
5.519127643005401
5.519127643005401
5.161845025158412
6.211050196484988
5.921151869048414
5.868255989923502
5.608183102032236
6.042616297556621
5.992109340840964
5.098445018388904
5.962500525536519
5.896790502090927
5.886561558385173
5.306334664046861
6.356834719187753
5.306334664046861
5.923393659375627
6.405224712449179
6.080994640993204
6.44955890272254
5.36358532424304
5.816439884099216
5.772625084975962
5.69744337008617
6.776153319763888
5.519116321107297
6.468492640701734
6.031160284455702
6.668746034529848
5.852718599095544
5.865475070922622
6.668746034529848
6.051109221489615
5.548359522128789
6.141707864508185
6.141707864508185
6.141707864508185
5.598396410287518
6.907417250007715
5.05700871794213
6.586042584694238
5.62442624116265
6.643638888341578
6.655160365015208
5.64186770467232
6.522097497729888
6.252211055812735
5.112716898907434
5.229541971034236
6.527010838992248
6.526377532367738
5.563417417158773
5.343033981528581
6.63248245549818
6.156311131258009
4.847962115738472
5.341693921002966
5.831058212588482
5.700622105553824
5.797677793699987
6.602533549070826
5.623822131939329
6.243509886250699
6.243509886250699
5.295315424301879
6.33130979137463
7.028711554598781
6.33130979137463
6.473069621946769
5.625429598326138
5.533421616080387
5.715011748129304
6.85367649031554
5.583666657096038
5.450079761230144
5.827206663216527
5.827206663216527
6.396748797486954
6.402138909045522
5.79466914431835
6.024762776844078
6.262555525734861
6.599322595968651
6.844974866333659
6.954957454522718
4.841828838713092
6.416648182756437
5.233770547808037
5.585019233631313
5.588583257974892
6.805238823323166
6.805238823323166
5.715497204790374
5.427079887129639
6.418626675953401
5.810320284958619
6.59227788602562
6.64442260715329
5.268548403639842
6.032133684278665
5.268548403639842
6.032133684278665
5.407150131505121
5.159460891329303
6.001424354876192
5.30719605776058
5.818584833141489
5.655064991296289
5.748487469410684
6.322174713325271
6.07645077432781
5.551420193081484
6.779731547156012
6.779731547156012
5.470358791682902
5.676371907692174
4.830380490836784
6.511638435274954
6.217041454589316
6.419604989352723
5.731688878707706
5.932001174988705
6.110674212316813
5.608058819632666
4.833589009876215
6.408013037936906
5.035421802787374
6.354202920599855
6.462896167709534
5.220470280776753
5.220470280776753
5.758947599586956
6.812580579532738
5.486965284654571
5.517441456332395
6.073384365782025
6.416282853664447
5.888747291150068
4.847401354310657
5.73359714131198
6.375412112635694
7.12550406240779
6.492007691596328
5.805441561642668
6.27861667311646
5.662254920973365
4.920282482719823
6.668528376619925
6.543593876630145
5.340957319867006
6.694837900679069
5.51605917364582
5.95749726484179
5.040317040030637
5.255135524222662
5.691212011295489
5.244755668881042
6.810112685754723
6.810112685754723
6.187884910674841
6.796887380029746
6.195567418843336
5.854601692685421
6.349483300632787
6.039484334698094
6.592844924068454
6.65852639873983
6.879199248749401
6.465356494448755
6.444746508782412
6.044814838093412
6.415210945348912
6.057340722965199
6.682036661024876
5.518166510433108
6.191680627433144
6.377689703755375
6.618215574659772
5.69963834940851
6.135085905982553
4.715627350028211
5.561436265147799
5.479906555125867
4.89736206081786
6.451939609015688
6.383641858945976
6.287982331742511
6.287982331742511
5.961792965084555
6.097711610299889
6.253290842266074
6.049812117019159
6.132230704453574
5.439743332220347
6.21571748627311
5.152804529987033
6.307293038451523
6.370181478358502
6.370181478358502
6.813538154282513
5.780765279670142
5.584628338765179
5.804599336967542
6.754803639683296
5.164535225242674
5.81435303772165
6.716340888512172
6.547852779383617
5.270317075770591
5.619468775394413
5.29106860789149
5.583332406053351
5.78889477399179
6.637580506821157
5.621172433586251
5.598612795803505
6.045106799721058
6.291026549610364
6.724724505812145
6.33199563387016
5.813787695443351
6.457987100872716
5.856764831348417
6.001912240986426
5.273460698511921
5.215821594653113
5.809384408352984
6.263162588622263
6.833734709383218
6.20490716326931
5.754554336423704
6.037309603072056
5.601404155712304
5.724479209010631
5.577202816890164
5.377722414730592
5.553440729061909
6.745845788670773
5.741949989578721
5.553440729061909
5.226173771928067
6.144308764678371
6.52793652571405
6.524349023595211
5.677379953563823
5.67858429468024
6.215423140189621
5.90381305180989
5.67858429468024
5.792194520480178
6.185659211615077
6.073300729377761
5.212043620498885
6.669567079507953
6.522407070574968
6.063139318453154
5.301826349418591
5.793526561624735
6.589645700321852
5.250580595400499
6.452486860911503
7.194033260545012
5.403877253256217
6.685056731601557
6.72354687233838
6.401546320686294
6.670557744394389
4.858395604176369
6.258428473830909
6.144676132900137
5.261105896727173
1026
1
262153
5
names
16
1633
262153
1
3
262153
1
6
262153
1
7
262153
1
8
262153
2
14
262153
2
15
262153
2
18
262153
2
25
262153
2
27
262153
2
30
262153
2
31
262153
2
33
262153
2
35
262153
2
38
262153
2
40
262153
2
42
262153
2
44
262153
2
50
262153
2
51
262153
2
52
262153
2
53
262153
2
57
262153
2
58
262153
2
74
262153
2
77
262153
2
78
262153
2
79
262153
2
83
262153
2
84
262153
2
85
262153
2
87
262153
2
94
262153
2
95
262153
2
98
262153
3
100
262153
3
101
262153
3
102
262153
3
103
262153
3
106
262153
3
107
262153
3
108
262153
3
111
262153
3
112
262153
3
114
262153
3
115
262153
3
119
262153
3
125
262153
3
130
262153
3
131
262153
3
132
262153
3
133
262153
3
134
262153
3
135
262153
3
139
262153
3
145
262153
3
150
262153
3
154
262153
3
158
262153
3
161
262153
3
164
262153
3
165
262153
3
167
262153
3
169
262153
3
170
262153
3
173
262153
3
179
262153
3
180
262153
3
186
262153
3
192
262153
3
193
262153
3
198
262153
3
199
262153
3
204
262153
3
205
262153
3
206
262153
3
209
262153
3
212
262153
3
216
262153
3
220
262153
3
221
262153
3
225
262153
3
226
262153
3
227
262153
3
230
262153
3
236
262153
3
240
262153
3
250
262153
3
256
262153
3
261
262153
3
263
262153
3
265
262153
3
266
262153
3
267
262153
3
270
262153
3
274
262153
3
277
262153
3
279
262153
3
281
262153
3
282
262153
3
287
262153
3
288
262153
3
295
262153
3
299
262153
3
302
262153
3
303
262153
3
304
262153
3
307
262153
3
313
262153
3
318
262153
3
322
262153
3
324
262153
3
327
262153
3
328
262153
3
330
262153
3
331
262153
3
332
262153
3
342
262153
3
343
262153
3
346
262153
3
349
262153
3
352
262153
3
353
262153
3
356
262153
3
358
262153
3
361
262153
3
363
262153
3
365
262153
3
367
262153
3
368
262153
3
373
262153
3
374
262153
3
378
262153
3
379
262153
3
387
262153
3
402
262153
3
406
262153
3
407
262153
3
409
262153
3
411
262153
3
412
262153
3
414
262153
3
417
262153
3
419
262153
3
423
262153
3
424
262153
3
427
262153
3
428
262153
3
431
262153
3
433
262153
3
434
262153
3
435
262153
3
437
262153
3
440
262153
3
452
262153
3
453
262153
3
454
262153
3
459
262153
3
460
262153
3
471
262153
3
473
262153
3
476
262153
3
477
262153
3
479
262153
3
483
262153
3
484
262153
3
492
262153
3
495
262153
3
496
262153
3
497
262153
3
501
262153
3
502
262153
3
505
262153
3
508
262153
3
510
262153
3
517
262153
3
522
262153
3
524
262153
3
527
262153
3
537
262153
3
539
262153
3
542
262153
3
544
262153
3
546
262153
3
548
262153
3
551
262153
3
552
262153
3
553
262153
3
554
262153
3
556
262153
3
561
262153
3
562
262153
3
565
262153
3
567
262153
3
568
262153
3
569
262153
3
570
262153
3
573
262153
3
575
262153
3
578
262153
3
579
262153
3
586
262153
3
587
262153
3
594
262153
3
596
262153
3
599
262153
3
601
262153
3
603
262153
3
614
262153
3
616
262153
3
617
262153
3
622
262153
3
623
262153
3
624
262153
3
626
262153
3
629
262153
3
631
262153
3
633
262153
3
636
262153
3
639
262153
3
640
262153
3
645
262153
3
647
262153
3
652
262153
3
655
262153
3
662
262153
3
665
262153
3
666
262153
3
669
262153
3
670
262153
3
676
262153
3
679
262153
3
682
262153
3
687
262153
3
688
262153
3
691
262153
3
692
262153
3
694
262153
3
696
262153
3
702
262153
3
704
262153
3
707
262153
3
709
262153
3
710
262153
3
711
262153
3
715
262153
3
720
262153
3
723
262153
3
724
262153
3
725
262153
3
726
262153
3
733
262153
3
734
262153
3
741
262153
3
743
262153
3
747
262153
3
749
262153
3
750
262153
3
753
262153
3
754
262153
3
756
262153
3
758
262153
3
764
262153
3
767
262153
3
769
262153
3
770
262153
3
771
262153
3
772
262153
3
773
262153
3
776
262153
3
781
262153
3
783
262153
3
791
262153
3
795
262153
3
796
262153
3
802
262153
3
803
262153
3
805
262153
3
806
262153
3
807
262153
3
813
262153
3
814
262153
3
815
262153
3
817
262153
3
820
262153
3
823
262153
3
829
262153
3
830
262153
3
831
262153
3
833
262153
3
836
262153
3
844
262153
3
847
262153
3
853
262153
3
854
262153
3
855
262153
3
859
262153
3
860
262153
3
861
262153
3
862
262153
3
868
262153
3
873
262153
3
883
262153
3
885
262153
3
890
262153
3
891
262153
3
895
262153
3
897
262153
3
900
262153
3
901
262153
3
905
262153
3
909
262153
3
910
262153
3
913
262153
3
914
262153
3
917
262153
3
918
262153
3
921
262153
3
922
262153
3
923
262153
3
925
262153
3
926
262153
3
928
262153
3
929
262153
3
931
262153
3
940
262153
3
946
262153
3
953
262153
3
956
262153
3
959
262153
3
960
262153
3
961
262153
3
963
262153
3
965
262153
3
968
262153
3
969
262153
3
971
262153
3
972
262153
3
973
262153
3
974
262153
3
975
262153
3
976
262153
3
977
262153
3
979
262153
3
980
262153
3
981
262153
3
987
262153
3
989
262153
3
992
262153
3
993
262153
3
994
262153
3
996
262153
3
997
262153
4
1000
262153
4
1001
262153
4
1007
262153
4
1008
262153
4
1014
262153
4
1017
262153
4
1020
262153
4
1023
262153
4
1025
262153
4
1026
262153
4
1028
262153
4
1031
262153
4
1035
262153
4
1036
262153
4
1039
262153
4
1041
262153
4
1043
262153
4
1051
262153
4
1054
262153
4
1060
262153
4
1062
262153
4
1063
262153
4
1064
262153
4
1068
262153
4
1069
262153
4
1071
262153
4
1072
262153
4
1074
262153
4
1076
262153
4
1084
262153
4
1087
262153
4
1094
262153
4
1095
262153
4
1097
262153
4
1099
262153
4
1102
262153
4
1105
262153
4
1106
262153
4
1110
262153
4
1112
262153
4
1114
262153
4
1117
262153
4
1128
262153
4
1129
262153
4
1130
262153
4
1131
262153
4
1132
262153
4
1135
262153
4
1136
262153
4
1144
262153
4
1147
262153
4
1148
262153
4
1154
262153
4
1161
262153
4
1162
262153
4
1163
262153
4
1164
262153
4
1169
262153
4
1171
262153
4
1172
262153
4
1173
262153
4
1175
262153
4
1176
262153
4
1179
262153
4
1180
262153
4
1184
262153
4
1188
262153
4
1190
262153
4
1191
262153
4
1197
262153
4
1198
262153
4
1200
262153
4
1202
262153
4
1205
262153
4
1208
262153
4
1209
262153
4
1210
262153
4
1211
262153
4
1212
262153
4
1214
262153
4
1216
262153
4
1222
262153
4
1223
262153
4
1224
262153
4
1225
262153
4
1227
262153
4
1242
262153
4
1244
262153
4
1246
262153
4
1252
262153
4
1263
262153
4
1266
262153
4
1267
262153
4
1269
262153
4
1275
262153
4
1276
262153
4
1277
262153
4
1280
262153
4
1281
262153
4
1282
262153
4
1284
262153
4
1285
262153
4
1287
262153
4
1288
262153
4
1291
262153
4
1303
262153
4
1306
262153
4
1310
262153
4
1313
262153
4
1314
262153
4
1315
262153
4
1316
262153
4
1317
262153
4
1320
262153
4
1322
262153
4
1325
262153
4
1326
262153
4
1327
262153
4
1332
262153
4
1334
262153
4
1335
262153
4
1338
262153
4
1341
262153
4
1343
262153
4
1349
262153
4
1351
262153
4
1353
262153
4
1355
262153
4
1356
262153
4
1357
262153
4
1358
262153
4
1363
262153
4
1364
262153
4
1365
262153
4
1366
262153
4
1369
262153
4
1376
262153
4
1381
262153
4
1382
262153
4
1383
262153
4
1386
262153
4
1388
262153
4
1393
262153
4
1395
262153
4
1396
262153
4
1399
262153
4
1410
262153
4
1416
262153
4
1419
262153
4
1420
262153
4
1421
262153
4
1423
262153
4
1424
262153
4
1425
262153
4
1426
262153
4
1429
262153
4
1436
262153
4
1442
262153
4
1444
262153
4
1447
262153
4
1452
262153
4
1456
262153
4
1461
262153
4
1464
262153
4
1466
262153
4
1468
262153
4
1469
262153
4
1472
262153
4
1478
262153
4
1479
262153
4
1481
262153
4
1482
262153
4
1483
262153
4
1485
262153
4
1487
262153
4
1488
262153
4
1489
262153
4
1490
262153
4
1493
262153
4
1501
262153
4
1502
262153
4
1503
262153
4
1504
262153
4
1512
262153
4
1515
262153
4
1520
262153
4
1521
262153
4
1522
262153
4
1524
262153
4
1526
262153
4
1527
262153
4
1530
262153
4
1532
262153
4
1533
262153
4
1534
262153
4
1535
262153
4
1538
262153
4
1539
262153
4
1545
262153
4
1550
262153
4
1554
262153
4
1561
262153
4
1565
262153
4
1568
262153
4
1569
262153
4
1574
262153
4
1576
262153
4
1580
262153
4
1587
262153
4
1588
262153
4
1601
262153
4
1602
262153
4
1607
262153
4
1609
262153
4
1610
262153
4
1611
262153
4
1613
262153
4
1623
262153
4
1624
262153
4
1626
262153
4
1628
262153
4
1629
262153
4
1633
262153
4
1640
262153
4
1641
262153
4
1645
262153
4
1646
262153
4
1649
262153
4
1654
262153
4
1660
262153
4
1661
262153
4
1664
262153
4
1665
262153
4
1672
262153
4
1673
262153
4
1674
262153
4
1681
262153
4
1684
262153
4
1686
262153
4
1689
262153
4
1690
262153
4
1693
262153
4
1694
262153
4
1698
262153
4
1702
262153
4
1705
262153
4
1713
262153
4
1714
262153
4
1721
262153
4
1723
262153
4
1728
262153
4
1736
262153
4
1740
262153
4
1746
262153
4
1754
262153
4
1757
262153
4
1758
262153
4
1761
262153
4
1767
262153
4
1768
262153
4
1770
262153
4
1771
262153
4
1777
262153
4
1782
262153
4
1783
262153
4
1790
262153
4
1792
262153
4
1797
262153
4
1799
262153
4
1804
262153
4
1806
262153
4
1809
262153
4
1816
262153
4
1817
262153
4
1820
262153
4
1826
262153
4
1833
262153
4
1835
262153
4
1836
262153
4
1840
262153
4
1844
262153
4
1846
262153
4
1847
262153
4
1852
262153
4
1865
262153
4
1867
262153
4
1868
262153
4
1869
262153
4
1876
262153
4
1881
262153
4
1882
262153
4
1883
262153
4
1887
262153
4
1892
262153
4
1893
262153
4
1897
262153
4
1903
262153
4
1906
262153
4
1907
262153
4
1909
262153
4
1910
262153
4
1913
262153
4
1918
262153
4
1920
262153
4
1922
262153
4
1924
262153
4
1925
262153
4
1926
262153
4
1929
262153
4
1931
262153
4
1934
262153
4
1936
262153
4
1939
262153
4
1941
262153
4
1944
262153
4
1947
262153
4
1948
262153
4
1951
262153
4
1953
262153
4
1958
262153
4
1965
262153
4
1968
262153
4
1970
262153
4
1972
262153
4
1978
262153
4
1979
262153
4
1983
262153
4
1988
262153
4
1989
262153
4
1993
262153
4
1994
262153
4
1996
262153
4
1998
262153
4
2000
262153
4
2003
262153
4
2007
262153
4
2009
262153
4
2012
262153
4
2014
262153
4
2020
262153
4
2023
262153
4
2033
262153
4
2039
262153
4
2044
262153
4
2045
262153
4
2046
262153
4
2050
262153
4
2054
262153
4
2059
262153
4
2060
262153
4
2063
262153
4
2068
262153
4
2070
262153
4
2071
262153
4
2073
262153
4
2076
262153
4
2079
262153
4
2080
262153
4
2081
262153
4
2083
262153
4
2084
262153
4
2087
262153
4
2090
262153
4
2095
262153
4
2098
262153
4
2100
262153
4
2104
262153
4
2105
262153
4
2107
262153
4
2108
262153
4
2111
262153
4
2112
262153
4
2114
262153
4
2119
262153
4
2120
262153
4
2126
262153
4
2130
262153
4
2137
262153
4
2138
262153
4
2139
262153
4
2145
262153
4
2149
262153
4
2151
262153
4
2153
262153
4
2159
262153
4
2160
262153
4
2161
262153
4
2162
262153
4
2164
262153
4
2165
262153
4
2166
262153
4
2170
262153
4
2174
262153
4
2179
262153
4
2182
262153
4
2183
262153
4
2187
262153
4
2188
262153
4
2190
262153
4
2195
262153
4
2199
262153
4
2201
262153
4
2208
262153
4
2209
262153
4
2211
262153
4
2213
262153
4
2215
262153
4
2217
262153
4
2218
262153
4
2220
262153
4
2221
262153
4
2224
262153
4
2225
262153
4
2227
262153
4
2228
262153
4
2231
262153
4
2232
262153
4
2233
262153
4
2235
262153
4
2240
262153
4
2245
262153
4
2246
262153
4
2247
262153
4
2250
262153
4
2251
262153
4
2252
262153
4
2259
262153
4
2264
262153
4
2265
262153
4
2271
262153
4
2272
262153
4
2276
262153
4
2279
262153
4
2280
262153
4
2281
262153
4
2284
262153
4
2286
262153
4
2288
262153
4
2290
262153
4
2293
262153
4
2295
262153
4
2298
262153
4
2301
262153
4
2309
262153
4
2313
262153
4
2321
262153
4
2324
262153
4
2327
262153
4
2332
262153
4
2336
262153
4
2337
262153
4
2338
262153
4
2341
262153
4
2347
262153
4
2348
262153
4
2349
262153
4
2354
262153
4
2356
262153
4
2357
262153
4
2361
262153
4
2366
262153
4
2368
262153
4
2369
262153
4
2371
262153
4
2376
262153
4
2377
262153
4
2378
262153
4
2389
262153
4
2393
262153
4
2395
262153
4
2398
262153
4
2400
262153
4
2402
262153
4
2403
262153
4
2404
262153
4
2406
262153
4
2410
262153
4
2415
262153
4
2423
262153
4
2425
262153
4
2428
262153
4
2429
262153
4
2432
262153
4
2434
262153
4
2437
262153
4
2442
262153
4
2444
262153
4
2450
262153
4
2454
262153
4
2455
262153
4
2460
262153
4
2462
262153
4
2463
262153
4
2464
262153
4
2467
262153
4
2468
262153
4
2470
262153
4
2472
262153
4
2475
262153
4
2482
262153
4
2485
262153
4
2487
262153
4
2489
262153
4
2493
262153
4
2494
262153
4
2498
262153
4
2499
262153
4
2500
262153
4
2504
262153
4
2505
262153
4
2506
262153
4
2513
262153
4
2519
262153
4
2520
262153
4
2524
262153
4
2525
262153
4
2526
262153
4
2530
262153
4
2531
262153
4
2533
262153
4
2535
262153
4
2537
262153
4
2538
262153
4
2539
262153
4
2543
262153
4
2549
262153
4
2550
262153
4
2554
262153
4
2556
262153
4
2558
262153
4
2561
262153
4
2568
262153
4
2570
262153
4
2572
262153
4
2573
262153
4
2576
262153
4
2577
262153
4
2594
262153
4
2598
262153
4
2599
262153
4
2603
262153
4
2605
262153
4
2606
262153
4
2607
262153
4
2615
262153
4
2617
262153
4
2618
262153
4
2626
262153
4
2627
262153
4
2628
262153
4
2630
262153
4
2636
262153
4
2637
262153
4
2638
262153
4
2641
262153
4
2642
262153
4
2643
262153
4
2645
262153
4
2650
262153
4
2659
262153
4
2662
262153
4
2669
262153
4
2671
262153
4
2673
262153
4
2674
262153
4
2675
262153
4
2677
262153
4
2680
262153
4
2682
262153
4
2683
262153
4
2685
262153
4
2688
262153
4
2693
262153
4
2695
262153
4
2697
262153
4
2705
262153
4
2707
262153
4
2708
262153
4
2711
262153
4
2716
262153
4
2717
262153
4
2718
262153
4
2721
262153
4
2727
262153
4
2734
262153
4
2738
262153
4
2742
262153
4
2744
262153
4
2749
262153
4
2752
262153
4
2758
262153
4
2763
262153
4
2764
262153
4
2765
262153
4
2767
262153
4
2768
262153
4
2769
262153
4
2770
262153
4
2773
262153
4
2774
262153
4
2775
262153
4
2778
262153
4
2779
262153
4
2783
262153
4
2790
262153
4
2792
262153
4
2793
262153
4
2794
262153
4
2801
262153
4
2802
262153
4
2809
262153
4
2810
262153
4
2816
262153
4
2817
262153
4
2818
262153
4
2819
262153
4
2822
262153
4
2823
262153
4
2831
262153
4
2833
262153
4
2836
262153
4
2838
262153
4
2841
262153
4
2846
262153
4
2849
262153
4
2851
262153
4
2855
262153
4
2861
262153
4
2862
262153
4
2868
262153
4
2871
262153
4
2872
262153
4
2880
262153
4
2885
262153
4
2889
262153
4
2893
262153
4
2895
262153
4
2900
262153
4
2907
262153
4
2908
262153
4
2911
262153
4
2912
262153
4
2917
262153
4
2918
262153
4
2919
262153
4
2922
262153
4
2923
262153
4
2926
262153
4
2932
262153
4
2935
262153
4
2940
262153
4
2942
262153
4
2945
262153
4
2953
262153
4
2956
262153
4
2961
262153
4
2962
262153
4
2963
262153
4
2964
262153
4
2969
262153
4
2971
262153
4
2974
262153
4
2976
262153
4
2982
262153
4
2984
262153
4
2985
262153
4
2986
262153
4
2988
262153
4
2993
262153
4
2994
262153
4
2995
262153
4
2997
262153
4
2999
262153
4
3005
262153
4
3008
262153
4
3011
262153
4
3019
262153
4
3023
262153
4
3029
262153
4
3030
262153
4
3035
262153
4
3039
262153
4
3040
262153
4
3043
262153
4
3044
262153
4
3049
262153
4
3054
262153
4
3057
262153
4
3058
262153
4
3059
262153
4
3060
262153
4
3061
262153
4
3066
262153
4
3068
262153
4
3069
262153
4
3070
262153
4
3073
262153
4
3074
262153
4
3075
262153
4
3077
262153
4
3079
262153
4
3082
262153
4
3084
262153
4
3088
262153
4
3089
262153
4
3091
262153
4
3094
262153
4
3097
262153
4
3106
262153
4
3113
262153
4
3114
262153
4
3120
262153
4
3121
262153
4
3123
262153
4
3127
262153
4
3129
262153
4
3130
262153
4
3131
262153
4
3134
262153
4
3137
262153
4
3139
262153
4
3143
262153
4
3144
262153
4
3145
262153
4
3146
262153
4
3160
262153
4
3161
262153
4
3163
262153
4
3172
262153
4
3178
262153
4
3179
262153
4
3181
262153
4
3182
262153
4
3183
262153
4
3184
262153
4
3185
262153
4
3187
262153
4
3190
262153
4
3194
262153
4
3202
262153
4
3203
262153
4
3205
262153
4
3207
262153
4
3213
262153
4
3215
262153
4
3216
262153
4
3218
262153
4
3221
262153
4
3226
262153
4
3236
262153
4
3237
262153
4
3239
262153
4
3240
262153
4
3247
262153
4
3249
262153
4
3263
262153
4
3265
262153
4
3266
262153
4
3268
262153
4
3270
262153
4
3271
262153
4
3276
262153
4
3279
262153
4
3282
262153
4
3285
262153
4
3287
262153
4
3289
262153
4
3290
262153
4
3291
262153
4
3293
262153
4
3294
262153
4
3300
262153
4
3301
262153
4
3303
262153
4
3309
262153
4
3310
262153
4
3313
262153
4
3316
262153
4
3319
262153
4
3326
262153
4
3328
262153
4
3329
262153
4
3332
262153
4
3335
262153
4
3343
262153
4
3345
262153
4
3348
262153
4
3350
262153
4
3352
262153
4
3354
262153
4
3358
262153
4
3359
262153
4
3363
262153
4
3364
262153
4
3373
262153
4
3374
262153
4
3385
262153
4
3387
262153
4
3395
262153
4
3398
262153
4
3400
262153
4
3404
262153
4
3405
262153
4
3407
262153
4
3412
262153
4
3413
262153
4
3417
262153
4
3432
262153
4
3434
262153
4
3437
262153
4
3439
262153
4
3440
262153
4
3444
262153
4
3446
262153
4
3448
262153
4
3450
262153
4
3452
262153
4
3455
262153
4
3456
262153
4
3459
262153
4
3460
262153
4
3461
262153
4
3467
262153
4
3468
262153
4
3471
262153
4
3472
262153
4
3477
262153
4
3480
262153
4
3481
262153
4
3483
262153
4
3486
262153
4
3487
262153
4
3495
262153
4
3504
262153
4
3505
262153
4
3515
262153
4
3516
262153
4
3522
262153
4
3526
262153
4
3529
262153
4
3531
262153
4
3533
262153
4
3535
262153
4
3537
262153
4
3538
262153
4
3539
262153
4
3541
262153
4
3548
262153
4
3550
262153
4
3557
262153
4
3558
262153
4
3565
262153
4
3569
262153
4
3572
262153
4
3573
262153
4
3574
262153
4
3576
262153
4
3577
262153
4
3579
262153
4
3580
262153
4
3585
262153
4
3587
262153
4
3588
262153
4
3590
262153
4
3597
262153
4
3599
262153
4
3600
262153
4
3606
262153
4
3608
262153
4
3609
262153
4
3611
262153
4
3612
262153
4
3622
262153
4
3642
262153
4
3647
262153
4
3648
262153
4
3649
262153
4
3656
262153
4
3665
262153
4
3666
262153
4
3668
262153
4
3669
262153
4
3673
262153
4
3675
262153
4
3677
262153
4
3681
262153
4
3682
262153
4
3684
262153
4
3693
262153
4
3695
262153
4
3698
262153
4
3703
262153
4
3706
262153
4
3707
262153
4
3712
262153
4
3715
262153
4
3717
262153
4
3718
262153
4
3721
262153
4
3725
262153
4
3730
262153
4
3731
262153
4
3736
262153
4
3739
262153
4
3740
262153
4
3742
262153
4
3743
262153
4
3751
262153
4
3752
262153
4
3753
262153
4
3755
262153
4
3763
262153
4
3767
262153
4
3775
262153
4
3782
262153
4
3787
262153
4
3796
262153
4
3805
262153
4
3808
262153
4
3815
262153
4
3816
262153
4
3817
262153
4
3820
262153
4
3821
262153
4
3824
262153
4
3826
262153
4
3827
262153
4
3830
262153
4
3831
262153
4
3832
262153
4
3833
262153
4
3838
262153
4
3839
262153
4
3844
262153
4
3856
262153
4
3858
262153
4
3860
262153
4
3861
262153
4
3863
262153
4
3864
262153
4
3865
262153
4
3870
262153
4
3875
262153
4
3877
262153
4
3880
262153
4
3881
262153
4
3885
262153
4
3889
262153
4
3892
262153
4
3893
262153
4
3896
262153
4
3897
262153
4
3899
262153
4
3900
262153
4
3903
262153
4
3904
262153
4
3906
262153
4
3913
262153
4
3918
262153
4
3923
262153
4
3924
262153
4
3931
262153
4
3933
262153
4
3934
262153
4
3935
262153
4
3936
262153
4
3938
262153
4
3942
262153
4
3945
262153
4
3949
262153
4
3952
262153
4
3958
262153
4
3961
262153
4
3964
262153
4
3965
262153
4
3966
262153
4
3968
262153
4
3971
262153
4
3974
262153
4
3976
262153
4
3978
262153
4
3982
262153
4
3983
262153
4
3986
262153
4
3990
262153
4
3991
262153
4
3993
262153
4
3995
262153
4
3996
262153
4
4000
262153
4
4002
262153
4
4003
262153
4
4010
262153
4
4012
262153
4
4014
262153
4
4015
262153
4
4022
262153
4
4023
262153
4
4024
262153
4
4025
262153
4
4029
262153
4
4034
262153
4
4039
262153
4
4043
262153
4
4047
262153
4
4050
262153
4
4053
262153
4
4055
262153
4
4057
262153
4
4059
262153
4
4061
262153
4
4062
262153
4
4064
262153
4
4067
262153
4
4076
262153
4
4079
262153
4
4080
262153
4
4081
262153
4
4082
262153
4
4084
262153
4
4085
262153
4
4088
262153
4
4089
262153
4
4094
262153
4
4095
262153
4
4096
262153
4
4101
262153
4
4104
262153
4
4106
262153
4
4116
262153
4
4117
262153
4
4126
262153
4
4127
262153
4
4128
262153
4
4130
262153
4
4133
262153
4
4136
262153
4
4139
262153
4
4140
262153
4
4144
262153
4
4145
262153
4
4148
262153
4
4152
262153
4
4157
262153
4
4160
262153
4
4161
262153
4
4162
262153
4
4165
262153
4
4170
262153
4
4174
262153
4
4178
262153
4
4181
262153
4
4184
262153
4
4185
262153
4
4186
262153
4
4188
262153
4
4197
262153
4
4199
262153
4
4207
262153
4
4209
262153
4
4210
262153
4
4216
262153
4
4219
262153
4
4225
262153
4
4227
262153
4
4229
262153
4
4231
262153
4
4234
262153
4
4239
262153
4
4241
262153
4
4247
262153
4
4250
262153
4
4251
262153
4
4253
262153
4
4257
262153
4
4261
262153
4
4263
262153
4
4266
262153
4
4268
262153
4
4270
262153
4
4272
262153
4
4273
262153
4
4277
262153
4
4278
262153
4
4282
262153
4
4294
262153
4
4296
262153
4
4297
262153
4
4299
262153
4
4305
262153
4
4306
262153
4
4312
262153
4
4313
262153
4
4315
262153
4
4316
262153
4
4317
262153
4
4318
262153
4
4322
262153
4
4324
262153
4
4330
262153
4
4334
262153
4
4338
262153
4
4340
262153
4
4345
262153
4
4346
262153
4
4348
262153
4
4356
262153
4
4358
262153
4
4364
262153
4
4365
262153
4
4368
262153
4
4370
262153
4
4372
262153
4
4379
262153
4
4390
262153
4
4391
262153
4
4392
262153
4
4394
262153
4
4397
262153
4
4403
262153
4
4408
262153
4
4411
262153
4
4412
262153
4
4414
262153
4
4416
262153
4
4427
262153
4
4428
262153
4
4429
262153
4
4430
262153
4
4432
262153
4
4435
262153
4
4436
262153
4
4437
262153
4
4439
262153
4
4440
262153
4
4446
262153
4
4453
262153
4
4454
262153
4
4455
262153
4
4456
262153
4
4458
262153
4
4462
262153
4
4464
262153
4
4465
262153
4
4468
262153
4
4469
262153
4
4471
262153
4
4475
262153
4
4484
262153
4
4486
262153
4
4488
262153
4
4490
262153
4
4493
262153
4
4496
262153
4
4497
262153
4
4502
262153
4
4505
262153
4
4507
262153
4
4516
262153
4
4519
262153
4
4520
262153
4
4524
262153
4
4525
262153
4
4529
262153
4
4530
262153
4
4534
262153
4
4536
262153
4
4541
262153
4
4545
262153
4
4548
262153
4
4554
262153
4
4559
262153
4
4564
262153
4
4565
262153
4
4567
262153
4
4572
262153
4
4573
262153
4
4575
262153
4
4576
262153
4
4578
262153
4
4581
262153
4
4582
262153
4
4589
262153
4
4590
262153
4
4598
262153
4
4602
262153
4
4603
262153
4
4605
262153
4
4607
262153
4
4609
262153
4
4610
262153
4
4612
262153
4
4614
262153
4
4615
262153
4
4619
262153
4
4627
262153
4
4628
262153
4
4629
262153
4
4630
262153
4
4631
262153
4
4634
262153
4
4636
262153
4
4638
262153
4
4639
262153
4
4647
262153
4
4649
262153
4
4654
262153
4
4655
262153
4
4657
262153
4
4663
262153
4
4667
262153
4
4679
262153
4
4682
262153
4
4685
262153
4
4687
262153
4
4690
262153
4
4696
262153
4
4697
262153
4
4699
262153
4
4701
262153
4
4703
262153
4
4706
262153
4
4709
262153
4
4711
262153
4
4712
262153
4
4714
262153
4
4715
262153
4
4726
262153
4
4727
262153
4
4735
262153
4
4737
262153
4
4738
262153
4
4744
262153
4
4745
262153
4
4747
262153
4
4750
262153
4
4752
262153
4
4755
262153
4
4758
262153
4
4759
262153
4
4765
262153
4
4767
262153
4
4768
262153
4
4773
262153
4
4779
262153
4
4782
262153
4
4784
262153
4
4787
262153
4
4789
262153
4
4792
262153
4
4794
262153
4
4802
262153
4
4803
262153
4
4804
262153
4
4810
262153
4
4814
262153
4
4816
262153
4
4817
262153
4
4821
262153
4
4822
262153
4
4823
262153
4
4827
262153
4
4831
262153
4
4834
262153
4
4838
262153
4
4839
262153
4
4840
262153
4
4844
262153
4
4848
262153
4
4852
262153
4
4855
262153
4
4864
262153
4
4865
262153
4
4871
262153
4
4872
262153
4
4874
262153
4
4877
262153
4
4878
262153
4
4890
262153
4
4894
262153
4
4895
254
14
1
0.568550115998761
787
4
14
1
10
14
1
0
14
1
3
14
1
100
1026
767
16
4
262153
1
H
262153
5
decay
262153
2
Nr
262153
2
Me
1026
1
262153
9
row.names
13
2
NA
-1
1026
1
262153
5
class
16
1
262153
10
data.frame
254
16
1
262153
3
mlp
16
1
262153
3
reg
16
2
262153
7
holdout
262153
17
0.666666666666667
254
254
14
1
1
254
16
1
262153
4
none
1026
767
16
13
262153
4
time
262153
4
test
262153
4
pred
262153
5
error
262153
4
mpar
262153
5
model
262153
4
task
262153
6
method
262153
3
sen
262153
10
sresponses
262153
4
runs
262153
10
attributes
262153
7
feature
254
254
