RDA2
A
2
196864
131840
1026
1
262153
10
mmm_mining
531
13
14
10
6.1400000000001
6.199999999999818
6.190000000000055
6.150000000000091
6.180000000000064
6.089999999999918
6.25
6.139999999999873
6.200000000000046
6.190000000000055
19
10
13
140
6
6
6
6
6
6
6
6
6
6
5
5
5
7
5
7
6
8
6
5
8
7
8
5
6
6
6
6
6
7
6
6
6
6
5
5
5
6
5
5
6
6
6
6
6
7
4
5
6
5
6
7
7
6
6
6
6
6
6
6
6
6
5
6
6
5
7
5
8
5
6
5
5
6
8
5
7
7
5
5
6
6
5
6
5
6
6
6
5
6
6
5
7
7
7
6
6
7
4
6
5
5
5
5
5
6
5
6
6
5
6
5
5
5
5
4
6
6
5
5
5
5
5
6
6
6
5
7
7
6
5
7
5
5
5
5
6
5
7
6
13
140
6
6
6
6
6
6
6
6
6
6
5
5
5
7
5
7
6
8
6
5
8
7
8
5
6
6
6
6
6
7
6
6
6
6
5
5
5
6
5
5
6
6
6
6
6
7
4
5
6
5
6
7
7
6
6
6
6
6
6
6
6
6
5
6
6
5
7
5
8
5
6
5
5
6
8
5
7
7
5
5
6
6
5
6
5
6
6
6
5
6
6
5
7
7
7
6
6
7
4
6
5
5
5
5
5
6
5
6
6
5
6
5
5
5
5
4
6
6
5
5
5
5
5
6
6
6
5
7
7
6
5
7
5
5
5
5
6
5
7
6
13
140
6
6
6
6
6
6
6
6
6
6
5
5
5
7
5
7
6
8
6
5
8
7
8
5
6
6
6
6
6
7
6
6
6
6
5
5
5
6
5
5
6
6
6
6
6
7
4
5
6
5
6
7
7
6
6
6
6
6
6
6
6
6
5
6
6
5
7
5
8
5
6
5
5
6
8
5
7
7
5
5
6
6
5
6
5
6
6
6
5
6
6
5
7
7
7
6
6
7
4
6
5
5
5
5
5
6
5
6
6
5
6
5
5
5
5
4
6
6
5
5
5
5
5
6
6
6
5
7
7
6
5
7
5
5
5
5
6
5
7
6
13
140
6
6
6
6
6
6
6
6
6
6
5
5
5
7
5
7
6
8
6
5
8
7
8
5
6
6
6
6
6
7
6
6
6
6
5
5
5
6
5
5
6
6
6
6
6
7
4
5
6
5
6
7
7
6
6
6
6
6
6
6
6
6
5
6
6
5
7
5
8
5
6
5
5
6
8
5
7
7
5
5
6
6
5
6
5
6
6
6
5
6
6
5
7
7
7
6
6
7
4
6
5
5
5
5
5
6
5
6
6
5
6
5
5
5
5
4
6
6
5
5
5
5
5
6
6
6
5
7
7
6
5
7
5
5
5
5
6
5
7
6
13
140
6
6
6
6
6
6
6
6
6
6
5
5
5
7
5
7
6
8
6
5
8
7
8
5
6
6
6
6
6
7
6
6
6
6
5
5
5
6
5
5
6
6
6
6
6
7
4
5
6
5
6
7
7
6
6
6
6
6
6
6
6
6
5
6
6
5
7
5
8
5
6
5
5
6
8
5
7
7
5
5
6
6
5
6
5
6
6
6
5
6
6
5
7
7
7
6
6
7
4
6
5
5
5
5
5
6
5
6
6
5
6
5
5
5
5
4
6
6
5
5
5
5
5
6
6
6
5
7
7
6
5
7
5
5
5
5
6
5
7
6
13
140
6
6
6
6
6
6
6
6
6
6
5
5
5
7
5
7
6
8
6
5
8
7
8
5
6
6
6
6
6
7
6
6
6
6
5
5
5
6
5
5
6
6
6
6
6
7
4
5
6
5
6
7
7
6
6
6
6
6
6
6
6
6
5
6
6
5
7
5
8
5
6
5
5
6
8
5
7
7
5
5
6
6
5
6
5
6
6
6
5
6
6
5
7
7
7
6
6
7
4
6
5
5
5
5
5
6
5
6
6
5
6
5
5
5
5
4
6
6
5
5
5
5
5
6
6
6
5
7
7
6
5
7
5
5
5
5
6
5
7
6
13
140
6
6
6
6
6
6
6
6
6
6
5
5
5
7
5
7
6
8
6
5
8
7
8
5
6
6
6
6
6
7
6
6
6
6
5
5
5
6
5
5
6
6
6
6
6
7
4
5
6
5
6
7
7
6
6
6
6
6
6
6
6
6
5
6
6
5
7
5
8
5
6
5
5
6
8
5
7
7
5
5
6
6
5
6
5
6
6
6
5
6
6
5
7
7
7
6
6
7
4
6
5
5
5
5
5
6
5
6
6
5
6
5
5
5
5
4
6
6
5
5
5
5
5
6
6
6
5
7
7
6
5
7
5
5
5
5
6
5
7
6
13
140
6
6
6
6
6
6
6
6
6
6
5
5
5
7
5
7
6
8
6
5
8
7
8
5
6
6
6
6
6
7
6
6
6
6
5
5
5
6
5
5
6
6
6
6
6
7
4
5
6
5
6
7
7
6
6
6
6
6
6
6
6
6
5
6
6
5
7
5
8
5
6
5
5
6
8
5
7
7
5
5
6
6
5
6
5
6
6
6
5
6
6
5
7
7
7
6
6
7
4
6
5
5
5
5
5
6
5
6
6
5
6
5
5
5
5
4
6
6
5
5
5
5
5
6
6
6
5
7
7
6
5
7
5
5
5
5
6
5
7
6
13
140
6
6
6
6
6
6
6
6
6
6
5
5
5
7
5
7
6
8
6
5
8
7
8
5
6
6
6
6
6
7
6
6
6
6
5
5
5
6
5
5
6
6
6
6
6
7
4
5
6
5
6
7
7
6
6
6
6
6
6
6
6
6
5
6
6
5
7
5
8
5
6
5
5
6
8
5
7
7
5
5
6
6
5
6
5
6
6
6
5
6
6
5
7
7
7
6
6
7
4
6
5
5
5
5
5
6
5
6
6
5
6
5
5
5
5
4
6
6
5
5
5
5
5
6
6
6
5
7
7
6
5
7
5
5
5
5
6
5
7
6
13
140
6
6
6
6
6
6
6
6
6
6
5
5
5
7
5
7
6
8
6
5
8
7
8
5
6
6
6
6
6
7
6
6
6
6
5
5
5
6
5
5
6
6
6
6
6
7
4
5
6
5
6
7
7
6
6
6
6
6
6
6
6
6
5
6
6
5
7
5
8
5
6
5
5
6
8
5
7
7
5
5
6
6
5
6
5
6
6
6
5
6
6
5
7
7
7
6
6
7
4
6
5
5
5
5
5
6
5
6
6
5
6
5
5
5
5
4
6
6
5
5
5
5
5
6
6
6
5
7
7
6
5
7
5
5
5
5
6
5
7
6
19
10
14
140
5.066688720047748
5.931311163315509
5.755039571197134
5.575631897263821
5.502241496885731
5.657696990484777
5.485688243521859
5.078780511939084
5.823543032174219
5.833220739538908
6.56108436195597
5.329240909502576
6.001813527084678
6.994346492536703
5.49939283532468
6.822611258305476
5.098334638359314
6.657483432616014
5.983824704780868
5.921370304993751
6.921172907142801
6.253384785352369
6.298000419075532
4.128304614821578
6.228068083052135
5.361868372180966
5.988785101776254
6.126505891562503
6.412208895610697
6.62452875621256
4.632392231392127
5.990442122650176
6.161947412345199
6.096951469531299
5.229580804421356
6.816474730203832
5.355452513049542
6.016977980089997
5.141801364753564
5.141801364753564
5.616300871983985
5.73752138919371
5.369318050017462
5.839327163915075
5.928644499164857
5.790835413657928
5.151197485427298
5.450446776731496
5.319828437471585
5.77454671367432
6.306706649154855
6.335951453951192
6.663157275881929
6.73622911792276
6.075223430456451
6.144763541492086
5.370031224151158
5.741057897282815
5.525528583772879
5.940510730599534
5.187782927810029
5.576852514558698
5.03287152646175
5.916390623452839
5.816428554083632
5.20976415145191
6.702309207056008
5.804668438452677
6.338561624696703
5.397019104896491
5.549136969338282
5.356019548910193
6.121983281566378
5.633477360954117
6.370990613129121
5.351329319168392
6.833090672782245
6.645957130074862
5.659405305882729
4.985647251609414
6.892279898176412
5.403472496752712
5.335768783637025
5.274060630625321
5.643121087168673
5.653180485864037
5.608209798147982
5.776500622093548
5.209950534810191
5.644918769425292
5.608209798147982
5.741638213664035
6.707204231440978
6.775250001358388
6.35303467469362
5.02015646648333
5.798936668889283
5.923681301616682
5.059441120887698
5.939180748974294
5.289612440262513
5.781886254225904
5.825691274251462
4.996318803537669
5.230568282054688
4.468133866206462
5.79684537279148
5.44612617651633
5.400854616843378
5.617208828916007
6.076157780532842
4.919747209671487
5.154389248580441
5.245268535957811
5.210373985923888
5.456249143623276
6.141540055256364
6.810263045077666
5.663263317062129
5.482647728051119
6.335530802462711
5.171252606507119
5.665448960406381
5.256301945610166
6.229315273227115
6.823847484043373
5.502620538887016
5.737656446966578
6.822935384449242
6.521864804884578
6.447013222859524
5.673062857468728
5.163330470534291
5.367092565615754
5.250571376285738
5.430070841495617
5.964745945022145
5.828402215923819
6.484034120597909
6.075362991632898
14
140
4.95272954134339
6.065068833572693
5.44911009371237
5.513957518755073
5.713656327653169
5.44911009371237
5.480948956449242
5.126062407421064
5.829756720847307
6.132836009034701
6.640839711825888
5.56720834398925
6.279026678724445
7.560407620550241
6.054374461743275
6.923866300552405
5.607887015367215
6.919958576876019
6.128785620699934
5.657591485969218
6.493274422919375
6.34620299301315
6.100556646883084
4.433214448840441
6.023509228575844
5.625635457113478
5.964424193927644
6.674019687446698
6.532325074943763
5.941756582216996
5.231976353387099
5.557179928313265
6.155983011555125
6.406113607823055
5.566509633523755
6.814521407980595
5.259979789488319
5.9925616787089
5.359306537528621
5.172085660831015
5.96437478677719
5.514148612305969
5.3561334500636
5.964374134440962
5.669588405034258
5.861949014663583
5.672525297641649
5.006058709960594
5.715794308938595
5.715794308938595
5.460672533205851
6.398148698592213
6.465361931996116
6.888626286619748
5.87475413860971
6.240462375599068
5.715437278139883
5.56423380440414
5.629098547278645
6.48650331419914
5.208786368778623
5.56423380440414
5.120430547149871
5.660928641169272
5.860683406449105
5.28161979270961
6.34200838477516
5.607887015367215
7.43914812651489
5.351487677365856
5.530570084432938
5.295290965634666
6.267368505947247
5.338532398202541
6.241884604703718
5.331278916271783
6.772438944192583
7.440208023560754
5.796797277165433
4.878330221371807
6.929865545504723
5.351424989757507
5.395407232587665
5.252712476281999
5.485928336310571
5.496442103888263
5.710779565909395
5.688211705870778
5.33185120131427
5.538894412953734
5.559604658308452
5.885530430154439
6.872838686906135
7.29359214913404
6.367349279055303
4.951375293446575
5.813098612641934
6.011006524822609
4.851208484719241
5.721652838298656
4.951375293446575
5.023911610501269
5.77359786214485
4.962369430246359
4.951375293446575
5.398800527148012
5.735748050564208
5.43864031176377
5.43864031176377
5.845170921389777
5.258412920151502
4.946623339463024
5.372768759294999
5.317965037807313
5.262517132566056
5.284031338129101
6.041722472236169
7.46376185281463
5.597376728957904
5.507584729050124
5.906169052335088
5.129850071156337
5.569273928270889
5.318436940196565
6.245139516609953
6.709588513854626
5.305745764771765
6.546161264971731
6.797420039826947
6.522274017280434
6.974069706474185
5.590615796733681
5.187148368474917
5.415579958209758
5.829211290780591
5.657591485969218
5.991591252219777
5.75384136764423
6.372306597909492
6.229336458081931
14
140
4.981859939952681
5.803691614891993
5.761053361444659
5.555167729236689
5.42457236923681
5.877145719850709
5.518685317851038
4.905346624899436
5.436422720248795
6.776328443642285
6.383648042329164
5.487436060558136
6.784057359810016
6.78717643496303
5.277255429659844
6.728185382632546
4.381086871103647
5.801307875166472
6.023035327309319
5.498650196895063
5.801307875166472
6.565635472235914
5.989755425932479
5.424548430876935
5.886775762902199
5.517521426330089
6.026271340665876
5.83992901177825
6.777353028461441
6.834340978497533
5.124100079795835
5.015657337111303
6.229755966151035
6.473535271355335
6.11210526643719
6.79737216596785
5.558232166375256
5.829833480758098
4.99525561630201
5.453267169469275
6.103520409644933
5.973025585963415
5.435916599323917
5.902023576488194
5.837503740272918
5.875299524320099
5.923055720501414
5.880455446836836
5.231532984222856
5.811175989678502
5.912321317641644
6.167015742957603
6.780567804825935
6.430142053562611
6.151602055512424
6.057020271001604
5.246429368535751
5.924224042724686
5.719111227535666
6.227016112618652
5.424615182656322
5.424559079321028
5.809793693982076
5.682330059457409
5.926910181663586
5.433553921940661
7.052698170111497
5.957973454707322
6.341962894803153
5.424589140740875
5.565988059358978
5.486594394575842
5.545986567287316
5.545139629167459
6.500006302240327
5.244350069315527
6.639483322916107
6.851653248742774
6.088403180486201
4.717384732268921
6.673045279924541
5.594991530406365
5.512632799509016
5.169890151647433
5.688258022817986
5.059085834361139
5.4062022262363
5.686660747805507
5.57515911868973
5.059085834361139
5.472366833443125
5.871945389673262
6.787117338009534
6.576497412499704
6.151581949707386
5.071340255779865
5.961807047913372
5.794375203853105
5.424578616807541
5.616318839857027
5.153613430876045
5.809853184416993
5.760970465465825
5.424544250049944
5.013317840681965
5.33368987372895
5.68083808162174
5.424790968405283
5.520153464287557
6.557627598557345
6.070540464245056
4.782690034584783
5.448377644398977
5.42146711770145
5.304345894789085
5.663556710948792
6.565635908201912
6.151853860764951
5.448377644398977
5.045316809829579
5.784981078758818
5.525230348919095
5.632427490510051
5.715575498028411
6.286738071802989
6.725127241971868
5.336418793621061
5.5466973866078
6.565635908201912
6.853012417784487
7.052697736511969
5.5466973866078
5.00299690907003
5.295954767642417
5.285065475831089
5.611615567531288
5.909260123253325
6.190580876298994
6.687727644876357
6.78715611973873
14
140
5.000677055335383
5.87871903757399
5.626230275796044
5.633809247316513
5.584836098936822
5.553143748147119
5.548103449620562
5.013622964279811
5.692024868506441
5.845906895432647
6.00435654647482
6.01394327280702
6.701581170780021
7.093900555252236
5.884116412978781
6.712368865871373
5.135559512697527
6.684236684339737
5.843257575537848
5.45210826555024
7.026117943443874
6.721659503508671
7.367646681288005
5.177506554683382
5.290528976686258
5.585196664410279
6.521261732696817
5.753878579176849
6.400324628100385
6.717752165716692
5.453943410021249
5.713433340446222
6.14625854670376
7.106497181936322
5.795566424850745
6.135124469944022
5.544670582854472
5.872399793792304
5.297486915748393
5.450448241225478
5.840763697460358
5.481871515535491
5.995741002080866
5.668069156768112
6.306079220093795
5.788257032614278
5.749358632156663
5.35156281316159
5.515054254919824
5.711675626012024
6.190414974346065
6.679253531932744
6.488738084823847
6.772227786429217
6.478962547486659
6.094825677579798
5.451047349273165
5.451348730512261
5.569647016371178
5.614852461537324
5.130059072039444
5.583902714690137
5.112292694204299
5.569647016371178
5.844685401926223
6.435004975539155
5.891173836508028
6.717029030350896
6.703677037960482
5.451894554852348
5.910169756261581
5.682291432302318
6.434776992738244
5.437247036032153
6.344676811153362
5.497255445363178
6.711107669079804
6.588076421066123
5.749704534026279
5.178337010099512
7.171927455412575
5.555971995090797
5.41546584613844
5.419947777851573
5.517909249204176
5.531504114405922
5.562941219637238
5.451800236468427
5.432929310529343
5.600499939914695
5.562941219637238
5.488443299715989
6.781059809318028
6.819806597794256
6.290329933964082
4.554935166492026
5.98972821044472
5.992232278873995
5.451441466935987
5.812302140230085
5.403161632826811
6.011194949027299
6.024452600400031
5.571123810283151
4.860103614940214
5.50880789873955
6.011194949027299
5.419960374987833
5.419960374987833
6.506128976501063
6.111689489556967
4.924618244432732
5.618175391857013
5.257513217446657
5.364236248388302
5.463738206705
5.767291559461261
6.844206130898602
5.55268821339932
5.544421852438005
5.611072945762527
4.579825249512367
5.733240443810683
5.420560085184522
6.438522206392482
7.175669244114796
5.481315668902802
5.780695832919654
6.770175554295615
6.785816058107931
6.514257886528711
5.460143995982922
6.530517412897104
5.279917444758179
5.249989954932539
5.451258897134383
6.104141750127366
5.640211692794861
6.719324551787952
6.703968917397337
14
140
5.175463269579718
5.835836247997816
5.685759841714323
5.79260490748547
5.79260490748547
5.671275035076607
5.184440494263559
5.678738758220156
5.62288409153599
6.163363230625193
6.853906393804224
5.872800547359663
6.23395283202341
7.218465231938908
5.579658343057315
6.807517337734467
4.982465264194549
6.620743515240693
5.843761964144093
5.184441804614492
8.015818075100858
6.070293079399868
6.218074747120301
3.952952786931986
5.707879579852288
5.56563356804897
6.224657664193761
6.09118935443696
6.575572050043218
7.106370935439117
5.508351571031326
6.021571869953371
6.262581809697288
6.233708692522065
5.543792036483194
6.66959703592048
5.379358688941615
6.730690000976292
5.188325420993928
4.911976750300725
6.046899946632068
5.303133079608759
5.294038344935205
5.672099294641001
6.03389237008948
5.682842678398388
5.166573722384638
5.668284185872644
5.581367535189554
5.895463739441766
6.12270318045663
6.275987020525908
6.08231989487463
6.131297806958901
5.839094697770116
5.946147786239685
5.218391232097106
5.627675924629341
5.790451291950237
5.971504115984651
5.250389457532617
5.654354144954721
5.202936430524117
5.790451291950237
5.800060954024559
5.465060091738985
6.768277363652602
5.675221909749916
6.326119903447633
5.406498678456469
5.502628953588419
5.225913565298688
6.165475445584982
5.799222394633709
7.147884559273018
5.018699211277749
7.07249910418517
6.91960975391535
5.666690387662204
5.223009363892738
6.270061699124451
5.551056047311374
5.408429216159341
5.93584495196995
5.485790105197789
5.403000942208088
5.728845648862904
5.60996660393393
5.403003570862544
5.484210542891058
5.728845648862904
5.792690710804558
6.91497874750443
6.878360923362529
6.296291867402792
5.125892052647419
5.9255350709358
5.864778116279425
5.511070452666897
5.917541399545915
5.248910753865233
5.792655572543158
5.752812247703047
5.08159777836168
5.156532623203618
5.115819005276696
5.23185630170851
5.596400501667618
5.618492940698428
5.7931149946524
5.321736248227485
4.945392578011288
5.65170387355568
5.453669105513448
5.155925784834039
6.102812853143377
5.528609181422016
6.486602714558063
5.65307838349671
5.494067198925745
5.848701223802897
5.284366171848522
5.347496170856292
5.34749595807524
6.265361744769436
6.829629159642217
5.6473688867416
5.712686187399882
6.649485568517947
6.400661350789352
6.403441951219501
5.623603346874034
5.288908056743431
5.383130527800128
5.466181820679515
5.572580321566867
5.851772550885745
5.835459588946498
6.56508299187387
6.542764560336636
14
140
5.091537052895289
5.739245573054532
5.563838392554676
5.455280395730767
5.534287981952506
5.678143417997607
5.510060207179174
5.034195660632462
5.752253056448152
5.916021088230501
5.69248828205422
5.504507635527368
6.46509524676178
6.893967088837042
5.2819710246687
6.599487609496872
5.273454062230136
6.871659519700679
5.85432974012809
5.409966610373291
6.739451432144236
5.746477780869738
6.353735614117973
4.257180973653964
5.75480222514669
5.573258439339869
6.394497616516863
5.760045191764959
6.413632267593859
6.739982196232609
5.358202484151214
6.326123443147037
6.196510599143896
6.21532034015792
5.500215228534711
6.762270914186267
4.214323818382252
6.121663658552227
5.301850285847075
5.120765437921981
6.113282855257789
5.581143920274926
5.264050296055697
5.817337503787319
6.016436688577045
6.01321278451771
5.614784343212892
5.518507869225997
5.449105793272326
5.969563115223828
6.250728739952308
6.350479786307109
6.853949185015295
6.611326550379439
6.118334386647426
6.172398115432128
5.369810367632414
5.983273088214792
5.690833290848318
5.970487609289395
5.426778643605648
5.555673656308862
5.878172734700208
5.297723457677348
4.927068510799559
5.160309884747083
6.412533117372898
6.041464625561424
6.58155790038979
5.445780659103164
5.600160771390766
6.090858846848252
5.876502977061214
5.560371510225121
6.362875466476843
5.445780659103164
7.179118615512395
6.510317296600543
5.604873727608148
5.119841374047111
6.567433529442823
5.44071423949483
5.372443147008005
5.20277804413515
5.540761159599261
5.985198976225203
5.680612176806686
5.591006685494683
5.716385154803491
5.715775760818031
5.337994629034163
5.828631669180225
6.413589002977921
6.874258223968345
6.371593924661965
5.45760007786518
5.835783861414588
4.36711060288821
5.484381422276411
6.086181727369866
5.163226565201662
5.999084271459448
5.644717924817827
4.996645996664724
5.484387964655187
5.29772457580708
5.999084271459448
5.629078982106201
5.629078982106201
6.408368645970874
5.48438984081951
4.876406367798444
5.559558991140444
5.247719281994367
5.033227523917369
5.361798309545123
6.944060795383343
6.858210318111309
5.23609865122712
5.484387964655187
5.752814841224544
5.484387964655187
5.499065104338471
4.721474765730444
6.282745856957201
6.516087067677604
5.388329514683837
5.639528607118829
6.832364981374552
6.71485527707495
6.461109857758635
5.639528607118829
5.500886484000212
5.433799996198762
5.232523466967599
5.445963462127352
6.124944946546552
5.845798538869489
6.599484007866141
6.420105852550083
14
140
4.879691913272144
5.788229732309804
5.55591559220846
5.40898019578766
5.433130935125912
5.55591559220846
5.50921699086924
4.997759244099637
5.914692839958977
5.870434711334575
6.816225685145732
5.7748490663619
6.717088525286314
7.097006457250811
5.50921699086924
6.870523519596966
5.088828130750062
6.812944036537303
6.032771633955252
5.50921699086924
6.545507716255568
5.50921699086924
6.243498246549085
5.50921699086924
6.066249115264575
5.651443883707663
5.794996605965481
5.803108948722294
6.425284293243872
6.604891444104307
5.253101858783991
5.735186120395042
5.7748490663619
6.579861073343534
5.588582161812842
6.959654340259752
5.396616327997076
6.099542045045234
5.074500064235636
5.074500064235636
5.738426374951871
5.742849491107898
5.221752585747694
5.7748490663619
5.726238491372112
5.7748490663619
5.50921699086924
5.534456861086425
5.221752585747694
5.817964414149361
6.202064182326747
6.363631578116885
6.729207526565342
6.618582841403845
5.972192052007062
6.228092073961125
5.509709900390756
5.578054203697978
5.767892566654659
5.78916068856531
5.207879989953434
5.61798381782339
5.036747181546468
5.64992019390145
5.892771623391066
5.238939279677737
6.604891444104307
5.829588513813782
6.302920997505422
5.411306492318129
5.643758090786091
5.283541799718653
5.93103079260252
5.44229019588765
6.302920997505422
5.285136827970868
6.99410813860398
6.845655722699667
5.810943080649061
5.50921699086924
6.866555522214512
5.379564000708066
5.275999080393764
5.216610636170535
5.489973806705991
5.667435622540443
5.588070477734231
5.563889842583632
5.610134002521863
5.555377537246518
5.663486897956574
5.749334716180539
6.895359684539003
6.768032889220169
6.371702943950315
5.50921699086924
5.76647320632835
5.50921699086924
5.50921699086924
5.810718962278338
5.50921699086924
5.740930533401656
5.774846730999986
4.932700717792272
5.229800055310268
5.436877641507896
5.8852489667619
5.496860225409847
5.64846174850864
5.926710990468203
5.774843269510022
5.036663887855272
5.50921699086924
5.363405095587946
5.313453548772988
5.499796612878779
6.295248337901224
6.81397299472178
5.533663512759145
5.536999012580433
5.79023127752986
5.259659903381878
5.535575470304559
5.296234128462267
6.321034971326031
6.870523519596966
5.50921699086924
5.750142081310588
6.83559122525542
6.648606464747083
6.35145438057042
5.737676786120488
5.50921699086924
5.509218392364144
5.50921699086924
5.515574156405628
5.909074473336446
5.742829938956869
6.806424749992132
6.25673727351501
14
140
4.89191866945887
5.750442735245746
5.529395613677768
5.563325980587475
5.487806980131777
5.550374781969395
5.657067972972638
5.312790343418413
5.889524050374287
6.167807297169858
6.737830162147364
5.946687160485229
6.724934513803767
7.014956881662971
5.207024533897903
6.861703457494122
5.969909047539595
6.549480212105883
6.134470861199818
5.409022507831462
6.883586614044269
6.916906546575741
6.511496866803054
4.306025686842429
6.177436737943359
6.01480482908923
6.133917386424268
6.266084957088541
6.333395849622037
6.916906546575741
5.060814278718982
5.688745403109199
6.345568643464233
6.3274214231549
5.595100083338594
6.134470861199818
5.382732804153304
6.174428775130309
5.080592556815301
5.321289397523014
5.571828670711576
5.684386962007587
5.3033200224147
5.657198019002764
5.656487429670463
5.757082703738818
5.673066582062103
4.60004605682992
5.392635413575388
5.788065066526872
5.952561448292929
6.134471015964992
6.733391281686996
6.916906546575741
6.143918879918824
6.541185612910954
5.300109251566626
5.657067972972638
5.657067972972638
6.257239530308365
5.478719597498317
5.500999963780974
5.144296280162133
5.649278699726403
6.030347473987786
5.552476992621948
5.793239646492689
5.97045120735558
6.379641614017689
5.309174469441374
5.585690272189093
5.366894573819817
6.134470861199818
5.356004931338004
6.400111343699556
5.430211925442028
6.833258313475032
6.637482646008626
5.588997571537518
5.467059147900701
6.745044726968497
5.668973679199682
4.597078058095772
5.489438485259375
5.656217006445459
5.658479392302648
5.746477227031844
5.534491068759585
5.512373711416643
5.658479392302648
5.746477227031844
5.704060761491077
6.66504746657825
6.625028250504719
6.541207235318229
5.001773111616498
5.881954329908466
5.906780351415023
5.216442446720845
5.475189581886675
5.101333108719918
5.902323924923976
5.501840425575884
4.874633579222008
5.236229074009131
5.375908001224906
5.441638521365998
5.593771658601829
5.372816657696823
6.134470861199818
6.272659536159843
4.92336269905389
5.649221554961446
5.309424372560229
5.292420699085301
5.959142639354147
6.916051838128961
6.881053493988325
5.740061405874709
5.52486845891077
5.663470162844224
5.373272262225261
5.539973770637396
5.241388998572487
5.889524050374287
6.781937473593153
5.483472944149368
5.43999094350816
6.754612233502747
6.734694251575944
6.560243178227556
5.668052283633216
5.377390989753984
5.37740119920124
5.284978593457796
5.535193866181075
5.950757905337444
5.819796904999332
6.520694492017801
6.439159763329141
14
140
5.643017719151312
5.963243615872188
5.564074587019076
6.023877784164813
5.584544820859972
5.789761810585744
5.721284131043498
5.118441874704003
5.975633969000128
6.022696885042129
6.450350073342677
5.54541170612102
6.570098905609871
5.63619968310768
5.596460364427933
6.446137994680188
4.991531177973363
6.229128401287068
6.42754756966495
5.667489993829857
6.229128401287068
6.302799890191204
5.705002918032211
4.080446648179311
5.869634722059455
5.594537502635063
6.153057911528872
5.985506565814082
6.003886428592131
6.730118114662139
5.559412756086979
5.822150409664839
6.268398897821843
6.643995290732019
5.463279562571763
5.848114496612555
4.733644094858597
6.368064780070628
6.215611654921503
6.215611654921503
5.625694287268568
5.853759836529336
5.318894519936991
6.678752895815328
5.797412784738789
5.890680758135233
5.856981673052651
4.711333793090438
5.332980426847648
5.888252225548623
6.326078719791046
6.534207612989554
6.88253801396218
6.312435809103126
5.853759836529336
6.330781471351379
5.483003220101515
5.436630079930008
5.668036274088771
6.0048656055699
4.482497454911958
5.578818550806766
5.049709552575405
5.892847444097298
6.070228549574551
5.848915227861522
6.96193915434272
6.278412699884399
6.353588001352279
5.39184308401365
5.300027612986798
5.441293384657399
5.817028744281001
5.706467876690866
6.353588001352279
5.315669426028848
6.797367165921689
6.464582331871735
5.853651942370674
5.241806313072831
6.658779910387779
4.830459623738952
5.312008353415012
5.049699930807456
5.513809114463894
5.466300861011431
5.836863297281845
5.76559359083473
5.77868604229963
5.466300861011431
5.664134019386224
5.9003131476947
6.56433155642667
7.304458084072723
6.203864943485386
5.435385195277199
5.856554765907323
5.654923251276071
5.502665206169667
5.856554765907323
5.336437511970348
6.02445365402473
5.665585935708644
4.985058556819316
5.167295926169633
5.911836036182442
5.352771790663507
5.435770370321941
5.766195829612419
5.906368369306385
5.853759836529336
5.47057844042254
5.64239954084398
5.339968512812015
5.216652538674182
5.553269397070989
6.333042240512369
6.024564766859709
5.273774849450592
4.908895749875655
5.450055858987237
5.260478516116696
6.098167107535272
5.393646264905243
6.61858728038176
6.713950998218828
5.326353666856197
4.624584189312984
6.862542893348643
6.734722829396727
6.449774150788112
4.624584189312984
5.435378873065979
5.652142122354898
5.554063408268537
5.153910675717735
6.517045430646351
5.74923870655806
6.865837295007586
6.274613506065156
14
140
5.013930283073067
5.782335527600331
5.019440163409285
5.569200934224834
5.442573897791238
5.019440163409285
5.4313069043038
5.446003447527808
5.760050140809103
6.182545491696966
6.419745597966558
5.019440163409285
5.85273623299928
6.811426752823309
5.603926965870201
6.823808171117416
5.232986927883849
6.823623638158817
5.96995242011403
6.460396577829319
6.722630021767587
5.824394597940955
6.665974223110382
3.861447481711969
5.901692499412451
5.559889679381342
5.994999664226444
5.164175109966741
6.470895327765397
7.190189923053789
5.320829775080022
5.961350769077384
6.402968777020557
6.165917432076559
5.800864649129168
6.71773711081559
4.904221799014882
5.921209907370447
5.088551289766606
5.278537494527581
5.994866439674286
5.672586486593304
5.019440163409285
5.937773998306878
5.868315283443665
5.955547832111631
5.65795530545994
4.601321565383858
5.787451378723664
5.758443915340219
6.332386952734612
6.533660750016725
6.624327309924071
6.660039282272019
6.204848741301249
5.641996605604828
5.27967461534977
5.622830415191511
5.671771273226717
6.018128059551905
5.295953634129851
5.446509297198566
5.314624514880102
5.853862423638662
5.643869903111731
3.277275795587604
6.330652463998124
6.366852467384342
6.318508754515816
5.344922923467514
5.571450399920196
5.339315682668105
5.970175102471934
6.164759778414506
6.816006814353426
5.359513700951556
6.823714000063558
6.573829839702647
5.680895600215195
5.020679871908619
6.725055311574637
5.374025142087795
5.019440163409285
5.206895341239097
5.492033252552133
5.736392935846968
5.587565010429301
5.58948940199301
5.571450399920196
5.489185095219539
5.578132391006925
5.630031649205488
6.848917756184936
6.874245498100433
5.862726579017683
5.039210500241282
5.922107057958787
5.730140186565113
5.614075944078373
5.623217575600591
5.085326062231984
5.830900872343765
5.728038126729884
5.069185720189869
5.119669844832103
5.446122740884772
5.800099723626167
5.446122740884772
5.402088732375231
5.783414760480066
5.591499239562348
5.066112468093178
5.571450399920196
5.134632803121281
5.343270753155224
5.556975158539679
5.879992399842379
6.765089773637631
5.571450399920196
5.323434693132435
5.537623840512662
4.992632364992729
5.474866389814483
5.15451058696804
5.63504485511142
6.770053355770085
5.1207384261073
6.927795967455958
6.727475168722518
6.844309063334021
6.096168569646546
5.922103288604418
5.224750132634315
5.393742263929543
5.252899378161583
5.609343088603798
7.158051100255189
5.85670473646844
6.819289017183157
6.498894946099621
14
10
83.27076087295551
84.87454249560737
96.83454139320772
90.39345787205406
82.35983993864495
89.23296844930184
87.25924757335551
85.96231303878354
95.46749499562073
85.77575983794506
787
4
14
50
0
0
4
0
0
0
3
0
2
0
0
0
0
1
3
4
0
0
1
1
4
0
0
2
0
2
0
0
3
0
0
0
0
0
1
0
0
1
2
0
0
4
2
4
0
2
2
0
0
3
14
50
0
0
0
0
0
0
0
0
0
0
0
0
0
0
0
0
0
0
0
0
0
0
0
0
0
0
0
0
0
0
0
0
0
0
0
0
0
0
0
0
0
0
0
0
0
0
0
0
0
0
14
50
3
3
3
3
3
3
3
3
3
3
3
3
3
3
3
3
3
3
3
3
3
3
3
3
3
3
3
3
3
3
3
3
3
3
3
3
3
3
3
3
3
3
3
3
3
3
3
3
3
3
14
50
100
100
100
100
100
100
100
100
100
100
100
100
100
100
100
100
100
100
100
100
100
100
100
100
100
100
100
100
100
100
100
100
100
100
100
100
100
100
100
100
100
100
100
100
100
100
100
100
100
100
1026
1
262153
5
names
16
4
262153
1
H
262153
5
decay
262153
2
Nr
262153
2
Me
1026
1
262153
9
row.names
13
2
NA
-50
1026
1
262153
5
class
16
1
262153
10
data.frame
254
16
1
262153
4
mlpe
16
1
262153
3
reg
16
2
262153
5
kfold
262153
1
5
254
254
14
1
10
254
16
1
262153
4
none
1026
767
16
13
262153
4
time
262153
4
test
262153
4
pred
262153
5
error
262153
4
mpar
262153
5
model
262153
4
task
262153
6
method
262153
3
sen
262153
10
sresponses
262153
4
runs
262153
10
attributes
262153
7
feature
254
254
