RDA2
A
2
196864
131840
1026
1
262153
10
mmm_mining
531
13
14
10
2.5
2.6099999999999
2.450000000000046
2.440000000000055
2.450000000000046
2.539999999999964
2.650000000000091
2.439999999999827
2.420000000000073
2.450000000000046
19
10
13
140
6
6
6
6
6
6
6
6
6
6
5
5
5
7
5
7
6
8
6
5
8
7
8
5
6
6
6
6
6
7
6
6
6
6
5
5
5
6
5
5
6
6
6
6
6
7
4
5
6
5
6
7
7
6
6
6
6
6
6
6
6
6
5
6
6
5
7
5
8
5
6
5
5
6
8
5
7
7
5
5
6
6
5
6
5
6
6
6
5
6
6
5
7
7
7
6
6
7
4
6
5
5
5
5
5
6
5
6
6
5
6
5
5
5
5
4
6
6
5
5
5
5
5
6
6
6
5
7
7
6
5
7
5
5
5
5
6
5
7
6
13
140
6
6
6
6
6
6
6
6
6
6
5
5
5
7
5
7
6
8
6
5
8
7
8
5
6
6
6
6
6
7
6
6
6
6
5
5
5
6
5
5
6
6
6
6
6
7
4
5
6
5
6
7
7
6
6
6
6
6
6
6
6
6
5
6
6
5
7
5
8
5
6
5
5
6
8
5
7
7
5
5
6
6
5
6
5
6
6
6
5
6
6
5
7
7
7
6
6
7
4
6
5
5
5
5
5
6
5
6
6
5
6
5
5
5
5
4
6
6
5
5
5
5
5
6
6
6
5
7
7
6
5
7
5
5
5
5
6
5
7
6
13
140
6
6
6
6
6
6
6
6
6
6
5
5
5
7
5
7
6
8
6
5
8
7
8
5
6
6
6
6
6
7
6
6
6
6
5
5
5
6
5
5
6
6
6
6
6
7
4
5
6
5
6
7
7
6
6
6
6
6
6
6
6
6
5
6
6
5
7
5
8
5
6
5
5
6
8
5
7
7
5
5
6
6
5
6
5
6
6
6
5
6
6
5
7
7
7
6
6
7
4
6
5
5
5
5
5
6
5
6
6
5
6
5
5
5
5
4
6
6
5
5
5
5
5
6
6
6
5
7
7
6
5
7
5
5
5
5
6
5
7
6
13
140
6
6
6
6
6
6
6
6
6
6
5
5
5
7
5
7
6
8
6
5
8
7
8
5
6
6
6
6
6
7
6
6
6
6
5
5
5
6
5
5
6
6
6
6
6
7
4
5
6
5
6
7
7
6
6
6
6
6
6
6
6
6
5
6
6
5
7
5
8
5
6
5
5
6
8
5
7
7
5
5
6
6
5
6
5
6
6
6
5
6
6
5
7
7
7
6
6
7
4
6
5
5
5
5
5
6
5
6
6
5
6
5
5
5
5
4
6
6
5
5
5
5
5
6
6
6
5
7
7
6
5
7
5
5
5
5
6
5
7
6
13
140
6
6
6
6
6
6
6
6
6
6
5
5
5
7
5
7
6
8
6
5
8
7
8
5
6
6
6
6
6
7
6
6
6
6
5
5
5
6
5
5
6
6
6
6
6
7
4
5
6
5
6
7
7
6
6
6
6
6
6
6
6
6
5
6
6
5
7
5
8
5
6
5
5
6
8
5
7
7
5
5
6
6
5
6
5
6
6
6
5
6
6
5
7
7
7
6
6
7
4
6
5
5
5
5
5
6
5
6
6
5
6
5
5
5
5
4
6
6
5
5
5
5
5
6
6
6
5
7
7
6
5
7
5
5
5
5
6
5
7
6
13
140
6
6
6
6
6
6
6
6
6
6
5
5
5
7
5
7
6
8
6
5
8
7
8
5
6
6
6
6
6
7
6
6
6
6
5
5
5
6
5
5
6
6
6
6
6
7
4
5
6
5
6
7
7
6
6
6
6
6
6
6
6
6
5
6
6
5
7
5
8
5
6
5
5
6
8
5
7
7
5
5
6
6
5
6
5
6
6
6
5
6
6
5
7
7
7
6
6
7
4
6
5
5
5
5
5
6
5
6
6
5
6
5
5
5
5
4
6
6
5
5
5
5
5
6
6
6
5
7
7
6
5
7
5
5
5
5
6
5
7
6
13
140
6
6
6
6
6
6
6
6
6
6
5
5
5
7
5
7
6
8
6
5
8
7
8
5
6
6
6
6
6
7
6
6
6
6
5
5
5
6
5
5
6
6
6
6
6
7
4
5
6
5
6
7
7
6
6
6
6
6
6
6
6
6
5
6
6
5
7
5
8
5
6
5
5
6
8
5
7
7
5
5
6
6
5
6
5
6
6
6
5
6
6
5
7
7
7
6
6
7
4
6
5
5
5
5
5
6
5
6
6
5
6
5
5
5
5
4
6
6
5
5
5
5
5
6
6
6
5
7
7
6
5
7
5
5
5
5
6
5
7
6
13
140
6
6
6
6
6
6
6
6
6
6
5
5
5
7
5
7
6
8
6
5
8
7
8
5
6
6
6
6
6
7
6
6
6
6
5
5
5
6
5
5
6
6
6
6
6
7
4
5
6
5
6
7
7
6
6
6
6
6
6
6
6
6
5
6
6
5
7
5
8
5
6
5
5
6
8
5
7
7
5
5
6
6
5
6
5
6
6
6
5
6
6
5
7
7
7
6
6
7
4
6
5
5
5
5
5
6
5
6
6
5
6
5
5
5
5
4
6
6
5
5
5
5
5
6
6
6
5
7
7
6
5
7
5
5
5
5
6
5
7
6
13
140
6
6
6
6
6
6
6
6
6
6
5
5
5
7
5
7
6
8
6
5
8
7
8
5
6
6
6
6
6
7
6
6
6
6
5
5
5
6
5
5
6
6
6
6
6
7
4
5
6
5
6
7
7
6
6
6
6
6
6
6
6
6
5
6
6
5
7
5
8
5
6
5
5
6
8
5
7
7
5
5
6
6
5
6
5
6
6
6
5
6
6
5
7
7
7
6
6
7
4
6
5
5
5
5
5
6
5
6
6
5
6
5
5
5
5
4
6
6
5
5
5
5
5
6
6
6
5
7
7
6
5
7
5
5
5
5
6
5
7
6
13
140
6
6
6
6
6
6
6
6
6
6
5
5
5
7
5
7
6
8
6
5
8
7
8
5
6
6
6
6
6
7
6
6
6
6
5
5
5
6
5
5
6
6
6
6
6
7
4
5
6
5
6
7
7
6
6
6
6
6
6
6
6
6
5
6
6
5
7
5
8
5
6
5
5
6
8
5
7
7
5
5
6
6
5
6
5
6
6
6
5
6
6
5
7
7
7
6
6
7
4
6
5
5
5
5
5
6
5
6
6
5
6
5
5
5
5
4
6
6
5
5
5
5
5
6
6
6
5
7
7
6
5
7
5
5
5
5
6
5
7
6
19
10
14
140
5.795705903123995
5.835846070586504
5.830479166443794
5.8154398109167
5.816832611774127
5.795534703495773
5.126451316330835
5.816803637091971
5.835846070586504
5.901908485569972
5.762638766292243
5.730920363852902
6.131957561606139
5.905009991723426
5.758042645155451
6.746826282278746
5.713181713894925
5.64687969889547
5.80666473312168
5.749350265710521
5.64687969889547
5.885157657341527
6.012568479967709
5.718740616661767
5.919836652318388
5.669751891464123
6.608230059224277
5.68980905730367
5.922422284062237
5.751681193874464
5.614070486909141
5.721427937308079
6.23702500985783
5.830871064223707
5.698835174245505
5.796163441374428
5.623189168260923
5.828666692889723
5.183133284686723
5.169371479945512
5.792896367183959
5.812129271186227
5.81697576711192
6.1751200140296
6.20042143339172
5.733707031577158
4.888561599437153
4.235142131480435
5.587263956336039
5.916025501552154
6.001399768057018
6.500119210656739
6.384970991273254
6.280774322689072
5.766183693603894
5.966283395820048
5.660860468139302
5.79588298323493
5.813909714494727
5.878606865771988
5.775160762555259
5.813879414250344
5.744114987773761
5.795802178745519
6.136452926140873
5.619073483795074
5.95535332033137
5.413572518100065
7.816589966672868
5.204081216106776
5.470781680998375
5.692987174947687
5.765988721991592
5.663414055883849
7.813894464913461
5.184455226728185
6.068770997154109
6.054962906916423
5.700285080128557
5.644015764698524
7.322208272943614
5.661911107782398
5.663039621150045
5.578201063947001
5.809764028182593
5.264911412905117
5.04681286070263
5.521507157739672
5.817445684851583
5.813745062607722
5.04681286070263
5.730210875158382
6.750631027765736
6.815336339757195
6.003377890307898
5.178443538070575
5.795743325418309
5.161625601638317
5.767450275074872
5.816497656705605
5.471789223174767
5.20405922708173
5.709023515170332
5.405574071644433
5.471789223174767
5.126417679713807
5.184708515723516
5.815268058385327
5.795732194138682
5.93453043831866
5.353264576449886
5.698164255567276
5.184441726803887
5.072665176914855
5.186132468849134
5.719776460285746
6.059472779271999
6.376804854495521
5.204161433184693
5.179267695713694
5.734339520778215
5.596419686256356
5.515029242336717
5.493316955890789
5.766529850468299
6.74909120949451
5.62712166355804
5.56823893481953
5.856518533425911
6.795893788490745
5.760550988139319
5.56823893481953
5.721388731193882
5.316120765689125
5.703755278831181
5.442053881612774
5.859217483695695
6.039539166507336
6.827547653936259
5.742826280883881
14
140
5.812529954318986
5.955802069268565
5.822591457787856
5.64793990045509
5.64793990045509
5.803860995176447
5.26327420794104
5.135774211811146
5.955802069268565
5.833496323328606
5.792220397225566
5.789057752709871
5.812058585460535
7.062838450836376
5.811577121758387
6.803888407186457
4.617211146539261
5.678228359984877
5.771877766659162
5.732931282133786
5.678228359984877
6.171741734998473
5.989706008028827
4.541052581848968
5.814727074514321
5.782986812393589
6.620075770197636
5.801011132293434
5.928735202631481
5.885141098212611
5.601897442812833
5.730327955515039
6.27780779047663
6.495125420743938
5.67578710317225
5.780046898556843
5.766826524786172
5.823510461214325
5.196135509476271
5.262101155311323
5.812600571563934
5.801420645850424
5.804539231105789
6.027148159045407
6.107992728868341
5.777650220267566
5.200389808001104
4.242373860664539
5.822280147881267
5.87875804484047
5.91722352069164
6.402765298618444
5.969093519092168
5.975412686732676
5.72098782237127
6.377970923144275
5.657271585608705
5.348065647492089
5.113692968347042
5.851123942523934
5.685172089676581
5.348065647492089
5.675463940472458
5.113692968347042
6.19833603199793
5.674633158780432
6.642503577156414
5.804364449286551
7.803746470180203
5.668421869781882
5.437634087834874
5.627342087790296
5.72489066712383
5.628556412254117
7.804210948480894
5.668421869781882
5.965188154070868
6.182788175819085
5.752512639869675
5.672605924846969
6.193854920159329
5.561192241745659
5.593009876145027
5.825916437820039
5.745469719743825
5.804263745506728
5.804649496830672
5.55182442986064
5.803852037029025
5.301098566480027
5.812486036795166
5.726128394611378
6.772835420638351
6.866549106673463
6.110257485770259
5.598166034251227
5.823758519742701
5.045666565890699
5.014667129507243
5.822282341723402
5.177486587718147
5.187552410606999
5.766627671565667
5.566342486014635
5.364615644990916
5.549012541522004
5.196142235258457
5.803790677066147
5.457501724926009
5.986969650006607
5.780313909154459
5.632429750775652
5.177522941363506
5.71689612210857
5.71689612210857
5.811477875164827
6.009791472848561
6.401572694693419
5.298073471224534
5.162520287900229
5.751682110061969
5.292051994179247
5.638636151608122
5.502084578611874
6.392842029261066
5.946062551456183
5.60124776809765
6.822066579991382
5.823278312123965
6.866282123455428
5.685217953309253
6.812644155985075
5.66737955528456
5.314218213625182
5.408182242067159
5.447253069064185
5.882228412394379
6.061552770649351
6.449380870841081
5.79620171348081
14
140
5.832355174550391
5.774387969160856
5.805505865832316
5.816100183837103
5.403550128050304
5.659459713026415
5.291332717677348
5.015662365328834
5.774387969160856
6.025479009650043
5.792336974304633
5.726855307575127
5.848479646248816
5.725357675678259
5.775146631681503
6.790659293486879
5.685995222427837
7.815016115483747
5.815685759994381
5.743374724519656
7.816756606138814
5.819853269483423
6.019177783939381
5.725357675678259
5.873457174609367
5.87884364123628
5.876357972138424
5.827564907538341
6.529664873465307
5.725357675678259
5.636750327840791
5.748260089177349
6.251822519870578
5.832028485257738
5.701310312495899
5.725357675678259
5.709898708221717
6.022621362010922
5.19432337538339
5.183574323556124
5.818110695587545
5.770498221285375
5.832939873230972
6.068307742389766
5.946142313679707
5.854698624896367
5.399279103580844
4.217180841742033
5.805419789026462
5.725357675725618
6.020098483144736
5.725357675781753
6.02242469973876
6.087836492378989
5.776822478636327
5.930614807683029
5.688040638643892
5.187454370747664
5.80550360691532
5.842872947141225
5.725357675678259
5.816157661914922
5.769295013993679
5.570240487881666
6.207888474185603
5.631615402935998
5.943355167422027
5.741492845138872
6.34221849844979
5.694475890690266
5.725357675678259
5.715154374986017
5.753485517339576
5.702111713591552
6.34221849844979
5.694475890690266
5.725357675702572
6.130433339001105
5.715387973018347
5.757011159884248
5.830450652003457
5.767727603792374
5.6634151952248
5.725357675885854
5.774884242835141
5.80489378052286
5.722221851417599
5.305296759532924
5.774884242835141
5.2674688571442
5.722221851417599
5.725357675678259
6.658252239055625
6.136266159710278
6.092828265830185
5.584138546321508
5.744281977401434
5.696900771420844
5.777020618733613
5.744281977401434
5.183287252610437
5.194773179724395
5.77116460823231
5.560800346275625
5.184774334243253
5.243346698309558
5.184617531968562
5.805347822401902
5.318120399635649
5.887312831228489
5.737808495012844
5.725357675678259
5.377176724436422
5.30407657506479
5.30407657506479
5.725357675678259
6.096351633794977
6.292679276457982
5.184981654720636
5.201586417256165
5.71358380903713
5.182775907111036
5.628265943813973
5.281458698129939
5.7131205364421
5.725357675685396
5.62974366974097
5.492240761989445
6.59246207377128
6.792904690504767
5.72516173876198
6.832304202542361
5.682546856945177
5.68807678725975
5.693561269257276
5.752216844095061
5.829549582293968
6.037210283426243
5.725413860235651
5.634451151489941
14
140
5.762878896933709
5.896777336386738
5.814645252897782
5.479413277588244
5.814713000242258
5.813901994631094
5.375088338744201
5.8046380539226
5.94037969392843
5.89207760938588
6.200789312224937
6.03337513868316
6.492899317407455
6.903934271957487
5.692415046014602
6.453889634205748
4.838673753884461
6.51130411045048
5.838160728149237
5.723686246555356
7.8148116768949
6.187357253489332
6.575337248143457
5.799211385662311
6.052158297360209
6.051080044493348
5.825576485715079
6.329754538532647
5.870933121178292
5.796239677629574
5.619933756141636
5.987582665736189
6.234831496759773
6.680054475863112
5.391749853808586
6.697417587328032
5.759999578415577
5.819658182271894
5.175398514504416
5.185261676355748
5.804164621888922
5.787481107793342
5.056131644072939
5.831687434795104
6.119560259896459
5.536219973241224
5.193814427182244
4.138217136320636
5.056131644072939
5.911647937063568
5.804712867441473
6.373107844112048
6.464107084403604
6.494646954572966
5.800377192126314
6.196530643626805
5.688694199839834
5.24302351002947
5.538129610262257
5.861823989771612
5.584263731776264
5.805823632965883
5.194064821787201
5.824658035031303
6.13250343232792
5.700811163939157
5.927194945813477
5.792288365777182
6.480736018121382
5.266880027844223
5.427364881273324
5.225408173943528
5.997293779398552
5.658379185945799
7.804583368292475
5.464620627798525
6.532971114866563
7.168074463453335
5.968111389463445
5.659101273407292
6.505088415934055
5.687292460064805
5.671196096769594
5.865758408311671
5.798184284065347
5.215045826697336
5.804774897105897
5.559880158519645
5.811451139936973
5.814547958121677
5.473937722050233
5.788525820813568
6.827695622260269
6.832530172486958
6.183787527224316
5.558370612303186
5.804699908222911
5.69375642502146
5.713694605685289
5.806062653126974
5.52257279016303
6.324198382075751
5.767939629961552
5.312635082407349
5.52257279016303
5.552931221240833
6.324198382075751
5.80563014389151
5.814675056131376
5.93855590712958
5.704966687203355
5.732089832420601
5.175497067429399
5.19549389921429
5.304179106015996
5.799866765832262
5.908933465822341
6.352923203669046
5.194453336060977
5.075022114821395
5.706052689415401
5.526588467466353
5.779571325564297
5.144137495627041
6.118388337706704
6.089274071146374
5.767252325281475
6.814945156048867
6.222774725178624
6.781257129454646
5.840522330557124
5.532332392603377
5.757567858014159
5.645215789726155
5.699263026915055
5.722484800070995
5.779132171824341
6.013657496182288
6.283292051694144
5.608992027598498
14
140
5.289194895922511
5.760025221483395
5.792266013509187
5.797229173732692
5.450997272975585
5.782921421061448
5.368815145237889
5.14995946577632
5.760025221483395
5.826624183941312
6.549188217290116
5.744625477310462
6.589206851054676
6.96160792234006
5.399898593801354
6.842961012921527
5.065312219793194
6.557550002130657
5.950722700899935
5.217696156799544
7.797100438564875
6.548277318894028
6.213200468276315
4.568014041418195
5.889075996648381
5.813160057581817
5.913800812595899
5.860602594018661
6.484463603815092
6.275323546309626
5.599300601186501
5.694769567812426
6.453634017692147
6.364631529660011
5.719258441982151
6.364922846229034
5.398391998081487
5.824278649864068
5.279757282922149
5.279757282922149
5.476364453423838
5.465066983575023
5.419473196954726
6.132022572106566
5.991851196545063
5.958748352230636
5.000631037889164
4.247264253336426
5.341145614393708
5.962237359828719
6.380282082936116
6.223730320987344
6.673249283634645
6.480437134141047
6.079880760184781
6.345821283907773
5.841816965803574
5.5102476145964
5.809282660479154
5.796708390431155
5.696967413999879
5.5102476145964
5.510950296948141
5.797520621378487
6.158215623037205
5.641213917644028
6.544051852469215
5.729426152899961
6.304276172409458
5.202869937581675
5.481558317632592
5.210566618912293
5.637562429307
4.648911311460179
6.304276172409458
5.683511126891339
6.701655984081612
6.443452277565133
6.072879964703511
5.04092383087104
6.570113600037962
5.511216168815921
5.505554017282154
5.571356458700709
5.79811852488653
5.29949816079446
5.301463220265271
5.274616824021555
5.751428371409559
5.29949816079446
5.78149287795656
5.748960782894391
6.117637648354354
6.114613256394389
5.949561024136295
4.987222027843436
6.032142862709824
5.907930866936935
5.887400891942917
5.833363302430022
5.178630539171846
5.60031702071193
5.542655396910829
5.5786344517849
5.202326051317983
5.474345625281542
5.892648807919637
5.78999132571353
5.78999132571353
5.916279489261489
5.568584643077545
5.707166737588799
5.202748471618971
5.396646955497911
5.202771063100568
5.154305113212065
6.185317913045021
6.606033288217642
5.382083332459372
5.260024792551
5.634409117875303
5.572316713071735
5.489830220991276
5.295467548669466
5.729469371842719
6.697415939801148
5.794238719152205
5.550035639094242
6.43541549381588
6.777053307758074
6.010653231080142
5.550035639094242
5.035070968243349
5.941517711816609
5.665934970683619
5.701202404239576
6.263553942202252
6.000986744869149
6.555180464633345
6.280255347554844
14
140
5.187616017579803
5.780764048087065
5.467736794901129
5.573997966797355
5.814899662780056
5.467736794901129
5.463484309878926
5.814098872860056
5.813920577104035
6.029410661801246
5.649041451491594
5.773442293422307
5.80548871289236
6.328234922890321
5.742372557718563
6.478439037901378
5.18413586655293
6.186645279875211
5.886863013507615
5.475372257681351
6.515118584695713
6.117126840702223
6.040943081980569
4.499761194783611
5.848780355616117
5.456973204603568
5.801610334590941
5.762247346650914
6.249064164416839
6.516589496907076
5.041962147395927
5.484667260767153
6.474136612979326
6.036411059872137
5.704980050646156
6.807290524609964
5.517161655455889
5.883767579027161
5.524997816784238
5.524997816784238
5.821361616481048
5.813072288927662
5.057227581263853
5.826230624281275
5.797565594810634
5.838100805872883
5.15868095415699
5.120851011344715
5.560313831576809
6.197146602125537
6.016123443457216
6.123158895725314
6.568737339075971
6.760435672290642
5.732032605573802
6.082534859958009
5.562357633754315
5.335437415561146
5.725537420045387
5.894629566893507
5.330741953854985
5.335437415561146
5.729489843695685
5.801270093861367
6.188953978740331
5.31601222377352
6.665724440827439
5.87062978565226
6.332718827033572
5.185890629783734
5.280601103087692
5.670033343017296
5.985433157950475
4.754408111844956
6.220199729591824
5.655809857214142
6.428694629386119
6.163163891456171
5.856709022549905
5.681896567411574
6.802511380071573
5.498362150762378
5.388077699601495
5.196541891492122
5.558901237076015
5.197283217260758
5.241113831298134
5.485325882253281
5.632986016112637
5.197283217260758
5.644931824787549
5.757477305431386
6.291215877333617
6.816861345521795
6.465309510045601
5.63329247567324
5.83709960342276
5.721207760955497
5.424765866240798
5.83709960342276
5.256061897233029
5.185319606068244
5.76804314882477
5.206480475594664
5.185964748978678
5.506820647423939
5.185872398659841
5.612999925489747
5.612999925489747
5.907869629002668
5.713917755420832
5.159565239513038
5.185905866883365
5.278833096207933
5.139392927690347
5.546200091016837
6.230240179963811
6.878385693411098
5.473085614014451
5.223656933171418
5.633314693056457
5.591228586074925
5.632981585573512
5.504380855316584
6.132328977452114
6.938583316466543
5.502340372363682
5.403766152546361
5.835442599816648
6.779202868597491
6.139853462115907
5.403766152546361
5.698453915084663
5.345127564644366
5.322657830088902
5.446883980002507
6.331313601519549
6.01003384924632
6.492056302224734
5.681221139722087
14
140
5.806088385666913
5.832563460148043
5.816153973971826
5.613350690682602
5.805923044166018
5.823842237041493
5.585868841437983
5.815976000878462
5.842440605455394
6.050652212562877
5.820719062975259
5.766348921005775
5.893088307369286
5.932040084115711
5.766244287058478
6.760133915833777
5.717293953430584
7.80638441751455
6.137881605337115
5.530737925151343
6.68554224405729
5.766255455159203
5.985927823263833
5.766244287061052
5.851288830030591
5.773967925426148
5.92376174737714
5.876171677576573
5.905901921746061
5.766263697643658
5.313633227236696
5.766244287281684
6.310182667991133
6.078893028302046
5.717957649510333
6.641743200923474
5.674964557246823
5.880703377596352
5.197020251916324
5.184036125739471
5.699944636832557
5.699944636832059
5.618041888690708
5.842800911011122
5.937630509901936
5.703369637227821
5.243117758959412
4.246812741358155
5.618041888690708
5.7672154977622
6.016737419795895
5.778047937221217
5.766580449472739
6.232296927692863
5.69994488685867
6.270218014127064
5.640391339149301
5.823164061533027
5.805990605726483
5.766185291693826
5.704130529595729
5.81659949654139
5.694486838492249
5.72449776783321
5.769998815632709
5.665137058627451
5.949559474940046
5.764553295691687
6.328684740880304
5.488215674555605
5.736657276906941
5.766338297279081
5.700789752423306
5.681088756441695
6.328684740880304
5.196888042081949
6.870028417182251
6.148828336048871
5.763156727854256
5.724394857019671
6.197680891856725
5.454297696746524
5.579788582677502
5.767290678257022
5.793708051620138
5.528735108906555
5.816188140947325
5.528505748502957
5.531072531066768
5.816288860239053
5.702543665757263
5.739590022925936
6.307784580900051
6.347803407923466
6.008507197807174
5.765052332987601
5.823441153697779
5.887208864768784
5.766244287068063
5.814220744339893
5.406210085992833
5.176419323211086
5.751044792853548
5.493448276655649
5.406210085992833
5.519885233249398
5.183635409073776
5.823578229855364
5.802888873145726
5.919592180506389
5.69737368023289
5.688058373348469
5.39733591401748
5.295157105648519
5.197089907617053
5.762912777960446
6.081833020943943
6.25288879846109
5.39733591401748
5.618244898796585
5.665066554268996
5.654003102267204
5.674399868881553
5.487263939353686
5.749805850424372
6.094489695777249
5.766156130498822
6.816695402524476
5.847228842954274
6.75871276716717
6.020506036749182
5.53365380894031
5.690735038206348
5.31508543899157
5.765774338797717
5.3949082240117
6.04727792886734
6.032914467141208
5.869140048114516
5.654309729684441
14
140
5.492686429840919
5.737370719701462
5.809448636906703
5.810929011388092
5.82606959059283
5.754971960378053
5.301867208709696
5.492686429840919
5.737370719701462
5.875822566880966
5.930300790237202
5.686437472604288
5.863006441178996
5.892418440851838
5.754241050005449
6.76253170809402
5.59116547199244
7.809594175227443
5.790803503167248
5.768458023163386
6.857805783304416
6.270004479581806
6.153708974135108
5.753410537678318
5.907024265598896
5.323025198521693
6.624885209444826
5.792863753380678
5.876171253271879
6.409444627968235
5.658133199061645
5.758439385719805
6.314657452092812
5.931596091323341
5.72915068955879
6.835656874841358
5.681120421348433
5.887540254388499
5.144312940474561
5.173968587329171
5.807699352226606
5.81308635129089
5.445099582224959
5.728595702834626
5.715262321656962
5.826333522766753
5.19795166985199
4.241280483816365
5.809987551633855
5.973074066718533
6.049028564085592
6.480300779493806
6.034372964325802
6.569182583204999
6.185762607749675
5.958091706599078
5.3963028045166
5.809263654260664
5.590595766251081
5.904964237529324
5.405240572117532
5.811116803943108
5.752942218823883
5.590595766251081
6.000642334757909
5.610588067083547
5.917351092775766
5.747839938844609
6.349869740942543
5.673231241869488
5.44121163123641
5.596176031514548
5.822311037304072
5.697329245287836
7.81149843590662
5.673231241869488
5.984008357041532
6.083682792846602
5.77140513704248
5.742440484135169
6.179597426846039
5.707532067161319
5.668392196668032
5.17100149864926
5.806078342333488
5.348419641288145
5.809483615913566
5.205848859558811
5.335260132985531
5.809615347242063
5.388455034705875
5.771295095507447
6.845075876288012
6.795699318329236
6.118862514333712
5.20848895018788
5.93385990811452
5.735859413153272
5.754640848067861
5.93385990811452
5.184815928963207
6.026307031932727
5.763461656768961
5.111893880353664
5.18862934650419
5.509712146059226
5.188785630743234
5.236210931349737
5.236210931349737
5.66187906391144
5.549760604136885
5.683098109497722
5.267077615989753
5.655299481861407
5.655299481861407
5.273911405270175
6.221993391630907
6.902932845112296
5.189114266066758
5.167142104837748
5.674005973812632
5.663568520400907
5.610700321229448
5.60606119167851
5.686012373668842
5.986785267361687
5.595374710919702
5.660648942470155
5.834434084145725
6.805099641740805
5.70659216760474
5.660648942470155
5.209728140578115
5.757311353000561
5.666826075076778
5.326309281133579
5.859662652541937
6.022689932813178
6.586656774654443
6.250099530145043
14
140
5.807573575767257
5.803241506416465
5.763639938467555
5.558999992168582
5.558999992168582
5.763639938467555
5.25313824362693
5.821418624843033
5.803241506416465
6.093328085401744
5.779343328080358
5.763639938463584
5.845343595973235
5.93864981950189
5.728164119794572
6.709509468459032
5.685345933645595
7.806204229880938
5.76923559746984
5.732362686391308
7.673712375436376
5.839864350877886
6.01960672504074
4.617827031349165
5.763639946025297
5.78827320286913
5.763716167464816
5.844088371873024
6.53025325237561
5.76363993846325
5.266390334232971
5.76363993846325
5.763640136143344
5.870059562115127
5.741443357429782
6.617273129087065
5.759719984985845
5.83663008332389
5.193565846052491
5.192117397264956
5.819114486732437
5.809798629259201
5.495521812059923
5.854948326855701
5.962170502534114
5.946988224237766
5.20051487729978
4.237620288877919
5.495521812059923
5.936463345737037
5.98327522805686
6.390325935162878
6.343433611852589
5.763639938463419
5.72233953273257
5.921659883368192
5.669131683302111
5.821728353434435
5.571683278518195
5.763639938463249
5.680870876498634
5.224018358351025
5.754601442987807
5.821437576801943
6.140126293125084
5.59441220434345
6.561630930932184
5.72230752687685
6.354689786635926
5.178636276985715
5.459120550144046
5.189049029003397
5.76363993846325
5.76363993846325
6.354689786635926
5.248461166077963
6.009057887977115
6.128304560562854
5.612772030898166
5.673073457286233
5.813708706974841
5.763702724615285
5.763639938802547
5.871136674234039
5.179624768635613
5.322518621788683
5.820159164423937
5.763639938463257
5.8180982602051
5.282968740392345
5.821729783098661
5.756473770919519
6.731902777799248
6.773272313480192
5.763639938657206
5.585093017815516
5.719041993013279
5.195797072916486
5.761945506428381
5.719041993013279
5.362224881610102
5.178678754444835
5.758047550845809
5.763640305144843
5.18012274912359
5.323334945482561
5.192095643800121
5.806142279778738
5.807786180453978
5.801658875002635
5.76363993846325
5.669002605340998
5.193755947991041
5.19240374482062
5.179997886605115
5.76363993846325
6.060263927549118
6.260532085026918
5.343810964982461
5.176937773646701
5.701922920329728
5.573967631192289
5.648133095769398
5.763639937428884
5.747452223033128
5.763639938463252
5.643502115440764
5.70774624622926
5.813274750149359
6.801878667964662
5.729589784644269
6.808195977048912
5.76363993846325
5.728904378617293
5.646601648378507
5.820201060613496
5.900328075259905
5.764644257767553
6.528175321332155
5.763639938463219
14
140
5.818124300018519
5.873025678314777
5.745421473082374
5.818245943867519
5.506234833736697
5.745421473082374
5.21809645816659
5.827236158847221
5.826937872136489
6.107425060292145
5.745421473077855
5.336978178244859
6.113163530376425
5.745421473077851
5.709482695167862
7.153638991232891
5.169643152034108
5.546803705101799
5.669882758417287
5.759015384915738
5.546803705101799
5.895985549354366
6.027785163665151
5.381331092428527
5.745421511150853
5.763577837818473
6.758590767422619
5.745421472867634
5.889038109271256
5.742032152034289
5.225172045622808
5.607426755510329
6.499565959901453
5.914178413484026
5.003803665517806
6.591707946361659
5.745421473077873
5.809332204654134
5.173025545902706
5.182228067193437
5.810884029206641
5.821397577674547
5.818243095596122
5.820281006923084
5.999315645752416
5.751042990377905
5.389451018114814
4.175796274541446
5.223369383819607
5.950994732028491
5.946570354610003
5.745421478239854
6.012468877336278
5.745421473078673
5.711790623645676
6.290461498629234
5.649891955119537
5.192326088814037
5.810809346570525
5.776217707064679
5.374223768388854
5.192326088814037
5.412112306859092
5.817539008034641
5.745421904020414
5.745421473077426
5.745421473077851
5.697886696048666
7.1929221982614
5.182092940100218
5.426740915371915
5.6496840471007
5.713471105161061
4.960497347334076
7.815358445519006
5.184845546742764
6.020272725082696
6.063169110530628
5.697326503135697
5.295775595983048
6.143556465254817
5.741719988836786
5.446264512574966
5.81526378335092
5.749597770383027
5.309547625201701
5.459923239550355
5.438650571309619
5.74241965225101
5.21794942554439
5.619037716653505
5.745422175690002
6.868204897856674
6.216765746857985
6.03250298191924
5.062347732972197
5.815389942192714
5.674504504644607
5.745421473077851
5.805306667799927
5.184434724803917
5.182213685740678
5.761485026471197
5.052741410406599
5.173061154480844
5.745421473029329
5.704647016762402
5.818258091457245
5.815301179624794
5.837746763991227
5.680858794665292
5.585829048091991
5.38661469369802
5.1846423099269
5.194591970128794
4.981223115723122
5.745421473077851
6.029770518571876
5.38661469369802
5.135018479165151
5.604113885913973
5.745421473077833
5.653221364115855
5.188151590439849
6.141731009339304
6.02896668460009
5.650884743640494
6.057908965386296
5.818538736108244
6.780091825218321
5.714455327319649
6.82660105520936
5.651960951863123
5.359733990228905
5.697845095703484
5.520019959895308
6.216624139583937
5.983000728335033
5.745517388910741
5.686269607256891
14
10
87.89749768667139
83.80128687729757
84.38291836873087
84.75874267015132
85.45654954465594
88.9249636735626
83.97174175488092
83.06965270289864
81.35790672433114
88.92080977716998
787
3
14
50
0.5
0.5
0.5
0.125
0.5
0.5
0.5
0.5
0.03125
0.5
0.0078125
8
0.5
0.5
0.5
0.125
0.5
0.0078125
0.125
0.5
0.03125
0.03125
0.0078125
0.5
0.03125
0.03125
0.5
0.0078125
0.125
0.0078125
0.5
0.5
2
0.5
0.0078125
0.0078125
0.5
0.5
0.03125
0.5
0.03125
0.5
8
0.5
0.5
8
0.5
0.5
0.125
0.03125
14
50
3
3
3
3
3
3
3
3
3
3
3
3
3
3
3
3
3
3
3
3
3
3
3
3
3
3
3
3
3
3
3
3
3
3
3
3
3
3
3
3
3
3
3
3
3
3
3
3
3
3
14
50
0.2247765560654268
0.2363277319262257
0.2283106240435997
0.2117825209846821
0.2264111742026273
0.2319802356539926
0.2354891994705846
0.231244857437031
0.2127455533391348
0.2296019880018653
0.2378073665126069
0.235815193143228
0.2163817744295774
0.2248438954403943
0.2213137364366304
0.2290634933249754
0.2296431792709499
0.2289124662116891
0.2138310269453842
0.2386284517161302
0.2122239779581036
0.2186555135056619
0.2218898450178256
0.2462808899753839
0.2232276406660949
0.2070430936950801
0.224122459177162
0.2323985952124527
0.2154743250735876
0.2558340679434014
0.2207631737200835
0.2378453401670676
0.2164854900918137
0.2295544339325163
0.2367121798788116
0.2461325516879763
0.2359749793305226
0.2255916867131125
0.2200836185697296
0.2106266149692911
0.2383191753130871
0.2459903883411918
0.2105374727713609
0.2163115202920431
0.22849826450406
0.2222411861427227
0.2061371534121567
0.2270287632116462
0.2488846225106509
0.2222354913632858
1026
1
262153
5
names
16
3
262153
5
gamma
262153
1
C
262153
7
epsilon
1026
1
262153
9
row.names
13
2
NA
-50
1026
1
262153
5
class
16
1
262153
10
data.frame
254
16
1
262153
3
svm
16
1
262153
3
reg
16
2
262153
5
kfold
262153
1
5
254
254
14
1
10
254
16
1
262153
4
none
1026
767
16
13
262153
4
time
262153
4
test
262153
4
pred
262153
5
error
262153
4
mpar
262153
5
model
262153
4
task
262153
6
method
262153
3
sen
262153
10
sresponses
262153
4
runs
262153
10
attributes
262153
7
feature
254
254
